Optimization storage folder ./simulations/storage/OPT_nomad_Egg_CCS_3 created
BBE BBO
1 -2588469.015 
(-2588469.015, [], [])
(-2344907.73, [], [])
(-2475644.16, [], [])
2 -2344907.73 
3 -2475644.16 
4 -2799291.99 
(-2799291.99, [], [])
5 -2461207.155 
(-2461207.155, [], [])
6 -3079177.86 
(-3079177.86, [], [])
7 -1588838.46 
(-1588838.46, [], [])
8 -3139916.34 
(-3139916.34, [], [])
9 -2380794.9 
(-2380794.9, [], [])
10 -1987806.315 
(-1987806.315, [], [])
11 -3115867.59 
(-3115867.59, [], [])
12 -2341721.91 
(-2341721.91, [], [])
13 -3009073.98 
(-3009073.98, [], [])
14 -3104174.37 
(-3104174.37, [], [])
15 -3128839.89 
(-3128839.89, [], [])
(-2982923.79, [], [])
(-2766036.24, [], [])
(-2076594.465, [], [])
16 -2982923.79 
17 -2766036.24 
18 -2076594.465 
19 -2349911.85 
(-2349911.85, [], [])
20 -3159487.98 
(-3159487.98, [], [])
21 -2445982.44 
(-2445982.44, [], [])
22 -2096900.685 
(-2096900.685, [], [])
23 -3155656.02 
(-3155656.02, [], [])
(-2316519.645, [], [])
24 -2316519.645 
25 -3192697.86 
(-3192697.86, [], [])
26 -2526809.505 
(-2526809.505, [], [])
27 -2502665.88 
(-2502665.88, [], [])
28 -3168667.26 
(-3168667.26, [], [])
(-2537653.14, [], [])
(-2453140.965, [], [])
(-2360938.965, [], [])
29 -2537653.14 
30 -2453140.965 
31 -2360938.965 
32 -1880643.93 
(-1880643.93, [], [])
33 -2339515.2 
(-2339515.2, [], [])
34 -2567369.97 
(-2567369.97, [], [])
35 -3180166.11 
(-3180166.11, [], [])
(-2506084.845, [], [])
36 -2506084.845 
37 -2478219.15 
38 -2478219.15 
39 -2478219.15 
40 -2478219.15 
(-2478219.15, [], [])
(-2478219.15, [], [])
(-2478219.15, [], [])
(-2478219.15, [], [])

BBE BBO
41 -2456306.82 
42 -2456306.82 
(-2456306.82, [], [])
(-2456306.82, [], [])
43 -3172525.29 
44 -3172525.29 
45 -3172525.29 
46 -3172525.29 
47 -3172525.29 
48 -3172525.29 
(-3172525.29, [], [])
(-3172525.29, [], [])
(-3172525.29, [], [])
(-3172525.29, [], [])
(-3172525.29, [], [])
(-3172525.29, [], [])
(-2332079.475, [], [])
49 -2332079.475 
50 -2847038.7 
51 -2847038.7 
52 -2847038.7 
53 -2847038.7 
(-2847038.7, [], [])
(-2847038.7, [], [])
(-2847038.7, [], [])
(-2847038.7, [], [])
54 -2706712.965 
55 -2706712.965 
(-2706712.965, [], [])
(-2706712.965, [], [])
(-3180398.76, [], [])
(-3180398.76, [], [])
(-3180398.76, [], [])
56 -3180398.76 
57 -3180398.76 
58 -3180398.76 
59 -2602814.94 
60 -2602814.94 
(-2602814.94, [], [])
(-2602814.94, [], [])
61 -2491224.615 
62 -2491224.615 
63 -2491224.615 
64 -2491224.615 
65 -2491224.615 
66 -2491224.615 
67 -2491224.615 
68 -2491224.615 
69 -2491224.615 
70 -2491224.615 
71 -2491224.615 
72 -2491224.615 
73 -2491224.615 
74 -2491224.615 
(-2491224.615, [], [])
(-2491224.615, [], [])
(-2491224.615, [], [])
(-2491224.615, [], [])
(-2491224.615, [], [])
(-2491224.615, [], [])
(-2491224.615, [], [])
(-2491224.615, [], [])
(-2491224.615, [], [])
(-2491224.615, [], [])
(-2491224.615, [], [])
(-2491224.615, [], [])
(-2491224.615, [], [])
(-2491224.615, [], [])
75 -3122858.31 
76 -3122858.31 
77 -3122858.31 
78 -3122858.31 
79 -3122858.31 
80 -3122858.31 

BBE BBO
81 -3122858.31 
82 -3122858.31 
83 -3122858.31 
84 -3122858.31 
85 -3122858.31 
86 -3122858.31 
87 -3122858.31 
88 -3122858.31 
89 -3122858.31 
90 -3122858.31 
91 -3122858.31 
92 -3122858.31 
93 -3122858.31 
94 -3122858.31 
95 -3122858.31 
96 -3122858.31 
97 -3122858.31 
98 -3122858.31 
99 -3122858.31 
100 -3122858.31 
101 -3122858.31 
102 -3122858.31 
103 -3122858.31 
104 -3122858.31 
105 -3122858.31 
106 -3122858.31 
107 -3122858.31 
108 -3122858.31 
109 -3122858.31 
110 -3122858.31 
111 -3122858.31 
112 -3122858.31 
113 -3122858.31 
114 -3122858.31 
115 -3122858.31 
116 -3122858.31 
117 -3122858.31 
118 -3122858.31 
119 -3122858.31 
120 -3122858.31 

BBE BBO
121 -3122858.31 
122 -3122858.31 
123 -3122858.31 
124 -3122858.31 
125 -3122858.31 
126 -3122858.31 
127 -3122858.31 
128 -3122858.31 
129 -3122858.31 
130 -3122858.31 
131 -3122858.31 
132 -3122858.31 
133 -3122858.31 
134 -3122858.31 
135 -3122858.31 
136 -3122858.31 
137 -3122858.31 
138 -3122858.31 
139 -3122858.31 
140 -3122858.31 
141 -3122858.31 
142 -3122858.31 
143 -3122858.31 
144 -3122858.31 
145 -3122858.31 
146 -3122858.31 
147 -3122858.31 
148 -3122858.31 
149 -3122858.31 
150 -3122858.31 
151 -3122858.31 
152 -3122858.31 
153 -3122858.31 
154 -3122858.31 
155 -3122858.31 
156 -3122858.31 
157 -3122858.31 
158 -3122858.31 
159 -3122858.31 
160 -3122858.31 

BBE BBO
161 -3122858.31 
162 -3122858.31 
163 -3122858.31 
164 -3122858.31 
165 -3122858.31 
166 -3122858.31 
167 -3122858.31 
168 -3122858.31 
169 -3122858.31 
170 -3122858.31 
171 -3122858.31 
172 -3122858.31 
173 -3122858.31 
174 -3122858.31 
175 -3122858.31 
176 -3122858.31 
177 -3122858.31 
178 -3122858.31 
179 -3122858.31 
180 -3122858.31 
181 -3122858.31 
182 -3122858.31 
183 -3122858.31 
184 -3122858.31 
185 -3122858.31 
186 -3122858.31 
187 -3122858.31 
188 -3122858.31 
189 -3122858.31 
190 -3122858.31 
191 -3122858.31 
192 -3122858.31 
193 -3122858.31 
194 -3122858.31 
195 -3122858.31 
196 -3122858.31 
197 -3122858.31 
198 -3122858.31 
199 -3122858.31 
200 -3122858.31 
A termination criterion is reached: Maximum number of blackbox evaluations (Eval Global) 200

Best feasible solution:     #4483 ( 23 1 1 60 )	Evaluation OK	 f = -3192697.8599999998696       	 h =   0                     

Best infeasible solution:   Undefined.

Blackbox evaluations:         200
Total model evaluations:      27057
Cache hits:                   24
Total number of evaluations:  224
(-3122858.31, [], [])
(-3122858.31, [], [])
(-3122858.31, [], [])
(-3122858.31, [], [])
(-3122858.31, [], [])
(-3122858.31, [], [])
(-3122858.31, [], [])
(-3122858.31, [], [])
(-3122858.31, [], [])
(-3122858.31, [], [])
(-3122858.31, [], [])
(-3122858.31, [], [])
(-3122858.31, [], [])
(-3122858.31, [], [])
(-3122858.31, [], [])
(-3122858.31, [], [])
(-3122858.31, [], [])
(-3122858.31, [], [])
(-3122858.31, [], [])
(-3122858.31, [], [])
(-3122858.31, [], [])
(-3122858.31, [], [])
(-3122858.31, [], [])
(-3122858.31, [], [])
(-3122858.31, [], [])
(-3122858.31, [], [])
(-3122858.31, [], [])
(-3122858.31, [], [])
(-3122858.31, [], [])
(-3122858.31, [], [])
(-3122858.31, [], [])
(-3122858.31, [], [])
(-3122858.31, [], [])
(-3122858.31, [], [])
(-3122858.31, [], [])
(-3122858.31, [], [])
(-3122858.31, [], [])
(-3122858.31, [], [])
(-3122858.31, [], [])
(-3122858.31, [], [])
(-3122858.31, [], [])
(-3122858.31, [], [])
(-3122858.31, [], [])
(-3122858.31, [], [])
(-3122858.31, [], [])
(-3122858.31, [], [])
(-3122858.31, [], [])
(-3122858.31, [], [])
(-3122858.31, [], [])
(-3122858.31, [], [])
(-3122858.31, [], [])
(-3122858.31, [], [])
(-3122858.31, [], [])
(-3122858.31, [], [])
(-3122858.31, [], [])
(-3122858.31, [], [])
(-3122858.31, [], [])
(-3122858.31, [], [])
(-3122858.31, [], [])
(-3122858.31, [], [])
(-3122858.31, [], [])
(-3122858.31, [], [])
(-3122858.31, [], [])
(-3122858.31, [], [])
(-3122858.31, [], [])
(-3122858.31, [], [])
(-3122858.31, [], [])
(-3122858.31, [], [])
(-3122858.31, [], [])
(-3122858.31, [], [])
(-3122858.31, [], [])
(-3122858.31, [], [])
(-3122858.31, [], [])
(-3122858.31, [], [])
(-3122858.31, [], [])
(-3122858.31, [], [])
(-3122858.31, [], [])
(-3122858.31, [], [])
(-3122858.31, [], [])
(-3122858.31, [], [])
(-3122858.31, [], [])
(-3122858.31, [], [])
(-3122858.31, [], [])
(-3122858.31, [], [])
(-3122858.31, [], [])
(-3122858.31, [], [])
(-3122858.31, [], [])
(-3122858.31, [], [])
(-3122858.31, [], [])
(-3122858.31, [], [])
(-3122858.31, [], [])
(-3122858.31, [], [])
(-3122858.31, [], [])
(-3122858.31, [], [])
(-3122858.31, [], [])
(-3122858.31, [], [])
(-3122858.31, [], [])
(-3122858.31, [], [])
(-3122858.31, [], [])
(-3122858.31, [], [])
(-3122858.31, [], [])
(-3122858.31, [], [])
(-3122858.31, [], [])
(-3122858.31, [], [])
(-3122858.31, [], [])
(-3122858.31, [], [])
(-3122858.31, [], [])
(-3122858.31, [], [])
(-3122858.31, [], [])
(-3122858.31, [], [])
(-3122858.31, [], [])
(-3122858.31, [], [])
(-3122858.31, [], [])
(-3122858.31, [], [])
(-3122858.31, [], [])
(-3122858.31, [], [])
(-3122858.31, [], [])
(-3122858.31, [], [])
(-3122858.31, [], [])
(-3122858.31, [], [])
(-3122858.31, [], [])
(-3122858.31, [], [])
(-3122858.31, [], [])
(-3122858.31, [], [])
(-3122858.31, [], [])
(-3122858.31, [], [])

NOMAD results 
x_best = [23.0, 1.0, 1.0, 60.0]
f_best = -3192697.86
h_best = 0.0
nb_evals = 200
nb_iters = 0
run_flag = 0
stop_reason = Maximum number of blackbox evaluations (Eval Global) 

run the latest ...
