Optimization storage folder ./simulations/storage/OPT_nomad_Egg_CCS_const_5 created
before =  (20.0, 30.0, 30.0, 20.0)
after =  (20, 30, 30, 20)
BBE BBO
1 -2348019.63 1.3487114906311035 
before =  (18.0, 34.0, 35.0, 15.0)
after =  (18, 34, 35, 15)
2 -2323015.035 1.1988211075464885  (Phase One)
before =  (12.0, 46.0, 50.0, 1.0)
after =  (12, 46, 43, 7)
3 -2451086.22 -0.9002302810549736  (Phase One)
before =  (1.0, 60.0, 60.0, 1.0)
after =  (11, 47, 48, 12)
4 -2496700.8 -0.9002989754080772 
before =  (1.0, 60.0, 60.0, 3.0)
after =  (11, 47, 48, 12)
before =  (1.0, 60.0, 54.0, 1.0)
after =  (11, 47, 44, 8)
5 -2496700.8 -0.9002989754080772 
6 -2491351.995 -0.9002805724740028 
7 -2491351.995 -0.9002805724740028 
8 -2491351.995 -0.9002805724740028 
9 -2491351.995 -0.9002805724740028 
10 -2491351.995 -0.9002805724740028 
11 -2491351.995 -0.9002805724740028 
before =  (6.0, 60.0, 60.0, 1.0)
after =  (11, 47, 48, 12)
before =  (1.0, 55.0, 60.0, 1.0)
after =  (11, 47, 48, 12)
before =  (3.0, 58.0, 60.0, 1.0)
after =  (11, 47, 48, 12)
before =  (4.0, 58.0, 60.0, 2.0)
after =  (11, 47, 48, 12)
before =  (3.0, 58.0, 60.0, 2.0)
after =  (11, 47, 48, 12)
before =  (1.0, 60.0, 60.0, 2.0)
after =  (11, 47, 48, 12)
before =  (1.0, 60.0, 55.0, 1.0)
after =  (11, 47, 47, 11)
12 -2491351.995 -0.9002805724740028 
13 -2496832.8 -0.9002988822758198 
before =  (1.0, 60.0, 40.0, 1.0)
after =  (11, 47, 40, 7)
14 -2485681.605 -0.8998415097594261 
15 -2485681.605 -0.8998415097594261 
16 -2485681.605 -0.8998415097594261 
17 -2485681.605 -0.8998415097594261 
18 -2485681.605 -0.8998415097594261 
19 -2485681.605 -0.8998415097594261 
20 -2485681.605 -0.8998415097594261 
21 -2485681.605 -0.8998415097594261 
before =  (6.0, 55.0, 60.0, 3.0)
after =  (11, 47, 48, 12)
before =  (1.0, 58.0, 58.0, 2.0)
after =  (11, 47, 48, 12)
before =  (4.0, 59.0, 59.0, 1.0)
after =  (11, 47, 48, 12)
before =  (2.0, 55.0, 53.0, 1.0)
after =  (11, 47, 44, 8)
before =  (1.0, 59.0, 60.0, 1.0)
after =  (11, 47, 48, 12)
before =  (6.0, 60.0, 58.0, 1.0)
after =  (11, 47, 47, 11)
before =  (2.0, 59.0, 60.0, 2.0)
after =  (11, 47, 48, 12)
before =  (1.0, 60.0, 49.0, 1.0)
after =  (11, 47, 43, 7)
22 -2483769.09 -0.9002676084637642 
23 -2483769.09 -0.9002676084637642 
24 -2483769.09 -0.9002676084637642 
25 -2483769.09 -0.9002676084637642 
26 -2483769.09 -0.9002676084637642 
27 -2483769.09 -0.9002676084637642 
28 -2483769.09 -0.9002676084637642 
29 -2483769.09 -0.9002676084637642 
30 -2483769.09 -0.9002676084637642 
31 -2483769.09 -0.9002676084637642 
32 -2483769.09 -0.9002676084637642 
33 -2483769.09 -0.9002676084637642 
34 -2483769.09 -0.9002676084637642 
35 -2483769.09 -0.9002676084637642 
36 -2483769.09 -0.9002676084637642 
37 -2483769.09 -0.9002676084637642 
38 -2483769.09 -0.9002676084637642 
39 -2483769.09 -0.9002676084637642 
40 -2483769.09 -0.9002676084637642 

BBE BBO
41 -2483769.09 -0.9002676084637642 
42 -2483769.09 -0.9002676084637642 
43 -2483769.09 -0.9002676084637642 
44 -2483769.09 -0.9002676084637642 
45 -2483769.09 -0.9002676084637642 
46 -2483769.09 -0.9002676084637642 
47 -2483769.09 -0.9002676084637642 
48 -2483769.09 -0.9002676084637642 
49 -2483769.09 -0.9002676084637642 
50 -2483769.09 -0.9002676084637642 
51 -2483769.09 -0.9002676084637642 
52 -2483769.09 -0.9002676084637642 
53 -2483769.09 -0.9002676084637642 
54 -2483769.09 -0.9002676084637642 
55 -2483769.09 -0.9002676084637642 
56 -2483769.09 -0.9002676084637642 
57 -2483769.09 -0.9002676084637642 
58 -2483769.09 -0.9002676084637642 
59 -2483769.09 -0.9002676084637642 
60 -2483769.09 -0.9002676084637642 
61 -2483769.09 -0.9002676084637642 
62 -2483769.09 -0.9002676084637642 
63 -2483769.09 -0.9002676084637642 
64 -2483769.09 -0.9002676084637642 
65 -2483769.09 -0.9002676084637642 
66 -2483769.09 -0.9002676084637642 
67 -2483769.09 -0.9002676084637642 
68 -2483769.09 -0.9002676084637642 
69 -2483769.09 -0.9002676084637642 
70 -2483769.09 -0.9002676084637642 
71 -2483769.09 -0.9002676084637642 
72 -2483769.09 -0.9002676084637642 
73 -2483769.09 -0.9002676084637642 
74 -2483769.09 -0.9002676084637642 
75 -2483769.09 -0.9002676084637642 
76 -2483769.09 -0.9002676084637642 
77 -2483769.09 -0.9002676084637642 
78 -2483769.09 -0.9002676084637642 
79 -2483769.09 -0.9002676084637642 
80 -2483769.09 -0.9002676084637642 

BBE BBO
81 -2483769.09 -0.9002676084637642 
82 -2483769.09 -0.9002676084637642 
83 -2483769.09 -0.9002676084637642 
84 -2483769.09 -0.9002676084637642 
85 -2483769.09 -0.9002676084637642 
86 -2483769.09 -0.9002676084637642 
87 -2483769.09 -0.9002676084637642 
88 -2483769.09 -0.9002676084637642 
89 -2483769.09 -0.9002676084637642 
90 -2483769.09 -0.9002676084637642 
91 -2483769.09 -0.9002676084637642 
92 -2483769.09 -0.9002676084637642 
93 -2483769.09 -0.9002676084637642 
94 -2483769.09 -0.9002676084637642 
95 -2483769.09 -0.9002676084637642 
96 -2483769.09 -0.9002676084637642 
97 -2483769.09 -0.9002676084637642 
98 -2483769.09 -0.9002676084637642 
99 -2483769.09 -0.9002676084637642 
100 -2483769.09 -0.9002676084637642 
101 -2483769.09 -0.9002676084637642 
102 -2483769.09 -0.9002676084637642 
103 -2483769.09 -0.9002676084637642 
104 -2483769.09 -0.9002676084637642 
105 -2483769.09 -0.9002676084637642 
106 -2483769.09 -0.9002676084637642 
107 -2483769.09 -0.9002676084637642 
108 -2483769.09 -0.9002676084637642 
109 -2483769.09 -0.9002676084637642 
110 -2483769.09 -0.9002676084637642 
111 -2483769.09 -0.9002676084637642 
112 -2483769.09 -0.9002676084637642 
113 -2483769.09 -0.9002676084637642 
114 -2483769.09 -0.9002676084637642 
115 -2483769.09 -0.9002676084637642 
116 -2483769.09 -0.9002676084637642 
117 -2483769.09 -0.9002676084637642 
118 -2483769.09 -0.9002676084637642 
119 -2483769.09 -0.9002676084637642 
120 -2483769.09 -0.9002676084637642 

BBE BBO
121 -2483769.09 -0.9002676084637642 
122 -2483769.09 -0.9002676084637642 
123 -2483769.09 -0.9002676084637642 
124 -2483769.09 -0.9002676084637642 
125 -2483769.09 -0.9002676084637642 
126 -2483769.09 -0.9002676084637642 
127 -2483769.09 -0.9002676084637642 
128 -2483769.09 -0.9002676084637642 
129 -2483769.09 -0.9002676084637642 
130 -2483769.09 -0.9002676084637642 
131 -2483769.09 -0.9002676084637642 
132 -2483769.09 -0.9002676084637642 
133 -2483769.09 -0.9002676084637642 
134 -2483769.09 -0.9002676084637642 
135 -2483769.09 -0.9002676084637642 
136 -2483769.09 -0.9002676084637642 
137 -2483769.09 -0.9002676084637642 
138 -2483769.09 -0.9002676084637642 
139 -2483769.09 -0.9002676084637642 
before =  (4.0, 60.0, 40.0, 3.0)
after =  (11, 47, 40, 7)
before =  (1.0, 60.0, 54.0, 2.0)
after =  (11, 47, 47, 11)
before =  (3.0, 60.0, 60.0, 1.0)
after =  (11, 47, 48, 12)
before =  (1.0, 60.0, 57.0, 1.0)
after =  (11, 47, 47, 11)
before =  (1.0, 58.0, 60.0, 1.0)
after =  (11, 47, 48, 12)
before =  (1.0, 60.0, 46.0, 1.0)
after =  (11, 47, 43, 7)
before =  (4.0, 58.0, 49.0, 1.0)
after =  (11, 47, 43, 7)
before =  (4.0, 59.0, 59.0, 1.25)
after =  (11, 47, 48, 12)
before =  (1.0, 60.0, 57.0, 1.06)
after =  (11, 47, 47, 11)
before =  (2.0, 60.0, 55.0, 1.12)
after =  (11, 47, 47, 11)
before =  (1.0, 60.0, 53.0, 1.0)
after =  (11, 47, 44, 8)
before =  (1.0, 59.0, 55.0, 1.4)
after =  (11, 47, 47, 11)
before =  (4.0, 58.0, 60.0, 1.0)
after =  (11, 47, 48, 12)
before =  (1.5, 60.0, 58.0, 1.0)
after =  (11, 47, 47, 11)
before =  (2.63, 58.5, 59.0, 1.63)
after =  (11, 47, 48, 12)
before =  (1.0, 60.0, 56.0, 1.01)
after =  (11, 47, 47, 11)
before =  (1.0, 60.0, 55.0, 1.09)
after =  (11, 47, 47, 11)
before =  (1.0, 59.71, 55.0, 1.2)
after =  (11, 47, 47, 11)
before =  (1.5, 60.0, 55.0, 1.1)
after =  (11, 47, 47, 11)
before =  (1.5, 60.0, 55.5, 1.0)
after =  (11, 47, 47, 11)
before =  (1.38, 60.0, 55.38, 1.0)
after =  (11, 47, 47, 11)
before =  (1.0, 59.82, 54.55, 1.0)
after =  (11, 47, 47, 11)
before =  (1.2, 59.93, 54.82, 1.0)
after =  (11, 47, 47, 11)
before =  (1.0, 59.94, 55.5, 1.0)
after =  (11, 47, 47, 11)
before =  (1.0, 60.0, 55.18, 1.08)
after =  (11, 47, 47, 11)
before =  (1.0, 60.0, 54.77, 1.0)
after =  (11, 47, 47, 11)
before =  (2.0, 60.0, 58.0, 1.4)
after =  (11, 47, 48, 12)
before =  (1.25, 59.86, 53.5, 1.14)
after =  (11, 47, 44, 8)
before =  (1.19, 59.89, 54.13, 1.1075)
after =  (11, 47, 47, 11)
before =  (1.0, 60.0, 54.95, 1.0)
after =  (11, 47, 47, 11)
before =  (1.02, 60.0, 55.2, 1.0)
after =  (11, 47, 47, 11)
before =  (1.0, 59.99, 55.0, 1.0)
after =  (11, 47, 47, 11)
before =  (1.0, 59.97, 54.8, 1.0012)
after =  (11, 47, 47, 11)
before =  (1.0, 60.0, 54.9, 1.0)
after =  (11, 47, 47, 11)
before =  (1.5, 59.71, 56.0, 1.0158)
after =  (11, 47, 47, 11)
before =  (1.29, 59.965, 54.91999999999999, 1.0)
after =  (11, 47, 47, 11)
before =  (1.2175, 59.9738, 54.99, 1.0)
after =  (11, 47, 47, 11)
before =  (1.021, 60.0, 54.97, 1.0)
after =  (11, 47, 47, 11)
before =  (1.0175, 59.9782, 54.9, 1.0)
after =  (11, 47, 47, 11)
before =  (1.0, 60.0, 55.01, 1.0)
after =  (11, 47, 47, 11)
before =  (1.0, 59.95, 55.03, 1.0011)
after =  (11, 47, 47, 11)
before =  (1.0, 60.0, 55.09, 1.0)
after =  (11, 47, 47, 11)
before =  (1.145, 60.0, 55.125, 1.045)
after =  (11, 47, 47, 11)
before =  (1.01, 60.0, 55.27500000000002, 1.0388)
after =  (11, 47, 47, 11)
before =  (1.0075, 60.0, 55.1563, 1.0294)
after =  (11, 47, 47, 11)
before =  (1.0, 60.0, 55.05, 1.0)
after =  (11, 47, 47, 11)
before =  (1.0, 60.0, 54.9908, 1.0004)
after =  (11, 47, 47, 11)
before =  (1.0166, 59.9977, 54.95, 1.0022)
after =  (11, 47, 47, 11)
before =  (1.0, 59.9952, 54.9649, 1.0045)
after =  (11, 47, 47, 11)
before =  (1.0, 60.0, 55.0443, 1.0)
after =  (11, 47, 47, 11)
before =  (1.0088, 60.0, 54.895, 1.0)
after =  (11, 47, 47, 11)
before =  (1.0066, 60.0, 54.9288, 1.0)
after =  (11, 47, 47, 11)
before =  (1.0, 60.0, 55.0047, 1.0)
after =  (11, 47, 47, 11)
before =  (1.0062, 60.0, 54.9953, 1.005)
after =  (11, 47, 47, 11)
before =  (1.0, 59.99, 55.0, 1.000004)
after =  (11, 47, 47, 11)
before =  (1.002, 60.0, 55.02, 1.000549)
after =  (11, 47, 47, 11)
before =  (1.0, 60.0, 54.98, 1.0)
after =  (11, 47, 47, 11)
before =  (1.0, 59.9973, 55.00999999999999, 1.0)
after =  (11, 47, 47, 11)
before =  (1.0, 59.9974, 54.99499999999999, 1.0)
after =  (11, 47, 47, 11)
before =  (1.00079, 60.0, 54.99, 1.0)
after =  (11, 47, 47, 11)
before =  (1.000704, 60.0, 55.0016, 1.00007)
after =  (11, 47, 47, 11)
before =  (1.0, 60.0, 54.9992, 1.0)
after =  (11, 47, 47, 11)
before =  (1.005, 59.999189, 55.0008, 1.000496)
after =  (11, 47, 47, 11)
before =  (1.0, 60.0, 55.00839999999999, 1.0)
after =  (11, 47, 47, 11)
before =  (1.0, 59.995, 55.0051, 1.0)
after =  (11, 47, 47, 11)
before =  (1.0, 59.99625, 55.00265, 1.0)
after =  (11, 47, 47, 11)
before =  (1.000366, 60.0, 54.999492, 1.0)
after =  (11, 47, 47, 11)
before =  (1.000168, 60.0, 55.003086, 1.001)
after =  (11, 47, 47, 11)
before =  (1.0, 59.999577, 54.996914, 1.0)
after =  (11, 47, 47, 11)
before =  (1.001444, 59.999725, 55.005, 1.0)
after =  (11, 47, 47, 11)
before =  (1.0, 60.0, 54.998481762, 1.0)
after =  (11, 47, 47, 11)
before =  (1.0025, 59.9965, 55.0, 1.0005)
after =  (11, 47, 47, 11)
before =  (1.0, 59.99865, 55.01539999999999, 1.0002)
after =  (11, 47, 47, 11)
before =  (1.0, 59.9989875, 55.00904999999999, 1.00015)
after =  (11, 47, 47, 11)
before =  (1.000246, 60.0, 55.002, 1.00014998)
after =  (11, 47, 47, 11)
before =  (1.0, 60.0, 54.999884, 1.0)
after =  (11, 47, 47, 11)
before =  (1.0, 59.999918, 54.998, 1.0)
after =  (11, 47, 47, 11)
before =  (1.001, 60.0, 54.999363, 1.00011352)
after =  (11, 47, 47, 11)
before =  (1.0, 60.0, 54.999932686, 1.0)
after =  (11, 47, 47, 11)
before =  (1.00125, 59.999125, 55.005, 1.0006)
after =  (11, 47, 47, 11)
before =  (1.000184, 59.9987, 54.99756399999999, 1.0)
after =  (11, 47, 47, 11)
before =  (1.00018, 59.999025, 54.99894449999999, 1.0)
after =  (11, 47, 47, 11)
before =  (1.0, 59.99984694, 54.999, 1.0)
after =  (11, 47, 47, 11)
before =  (1.0, 60.0, 54.999761, 1.0)
after =  (11, 47, 47, 11)
before =  (1.00010695, 60.0, 55.001, 1.00001324)
after =  (11, 47, 47, 11)
before =  (1.0001536, 59.9995, 55.000239, 1.00000317)
after =  (11, 47, 47, 11)
before =  (1.0, 59.99978849999999, 54.999365, 1.000035)
after =  (11, 47, 47, 11)
before =  (1.000081, 59.999841375, 54.99939675, 1.00002625)
after =  (11, 47, 47, 11)
before =  (1.0, 60.0, 54.99983521, 1.0)
after =  (11, 47, 47, 11)
before =  (1.0, 60.0, 55.00002132, 1.00001294)
after =  (11, 47, 47, 11)
before =  (1.0, 59.99997295, 55.00016612, 1.0)
after =  (11, 47, 47, 11)
before =  (1.00001437, 59.99997316, 55.00016479, 1.0001)
after =  (11, 47, 47, 11)
before =  (1.0, 60.0, 54.99981256, 1.0)
after =  (11, 47, 47, 11)
before =  (1.000535, 60.0, 55.001146, 1.000035)
after =  (11, 47, 47, 11)
before =  (1.00040125, 60.0, 55.0006095, 1.00002625)
after =  (11, 47, 47, 11)
before =  (1.0000692, 60.0, 55.00015601, 1.00005)
after =  (11, 47, 47, 11)
before =  (1.0, 60.0, 55.0002, 1.0)
after =  (11, 47, 47, 11)
before =  (1.0001, 60.0, 54.99991752, 1.0)
after =  (11, 47, 47, 11)
before =  (1.00005672, 59.9999, 55.00012788, 1.0)
after =  (11, 47, 47, 11)
before =  (1.0, 60.0, 54.99959859000001, 1.0)
after =  (11, 47, 47, 11)
before =  (1.000102, 60.0, 54.99963175000001, 1.0)
after =  (11, 47, 47, 11)
before =  (1.00009675, 60.0, 54.99957300000001, 1.0)
after =  (11, 47, 47, 11)
before =  (1.00005, 60.0, 55.00007484, 1.0000001665)
after =  (11, 47, 47, 11)
before =  (1.0, 60.0, 54.9999822, 1.0)
after =  (11, 47, 47, 11)
before =  (1.0000309594, 60.0, 54.9999, 1.0000000423)
after =  (11, 47, 47, 11)
before =  (1.0, 59.9999643344, 54.99992516, 1.0)
after =  (11, 47, 47, 11)
before =  (1.0, 60.0, 55.00011780000001, 1.0)
after =  (11, 47, 47, 11)
before =  (1.0, 59.999986475, 55.0001182, 1.00000647)
after =  (11, 47, 47, 11)
before =  (1.0, 59.99998985625, 55.00006803, 1.0000048525)
after =  (11, 47, 47, 11)
before =  (1.0000009929, 60.0, 54.99995, 1.0000012966)
after =  (11, 47, 47, 11)
before =  (1.0, 59.9999897829, 55.00005, 1.0)
after =  (11, 47, 47, 11)
before =  (1.0, 59.99998, 54.9999734788, 1.0000006877)
after =  (11, 47, 47, 11)
before =  (1.0, 60.0, 55.0000103562, 1.0000011985)
after =  (11, 47, 47, 11)
before =  (1.0, 60.0, 55.000016165, 1.0)
after =  (11, 47, 47, 11)
before =  (1.000025, 59.9999721672, 55.00010110000001, 1.0)
after =  (11, 47, 47, 11)
before =  (1.0, 59.9999821672, 54.9998404, 1.0000063035)
after =  (11, 47, 47, 11)
before =  (1.0, 59.9999866254, 54.99989901000001, 1.00000476925)
after =  (11, 47, 47, 11)
before =  (1.0, 59.999998734, 54.9999996126, 1.0)
after =  (11, 47, 47, 11)
before =  (1.0, 59.9999998221, 55.00002, 1.0)
after =  (11, 47, 47, 11)
before =  (1.0000000603, 60.0, 54.99998, 1.000000073192)
after =  140 -2483769.09 -0.9002676084637642 
141 -2483769.09 -0.9002676084637642 
142 -2483769.09 -0.9002676084637642 
143 -2483769.09 -0.9002676084637642 
144 -2483769.09 -0.9002676084637642 
145 -2483769.09 -0.9002676084637642 
146 -2483769.09 -0.9002676084637642 
147 -2483769.09 -0.9002676084637642 
148 -2483769.09 -0.9002676084637642 
149 -2483769.09 -0.9002676084637642 
150 -2483769.09 -0.9002676084637642 
151 -2483769.09 -0.9002676084637642 
152 -2483769.09 -0.9002676084637642 
153 -2483769.09 -0.9002676084637642 
154 -2483769.09 -0.9002676084637642 
155 -2483769.09 -0.9002676084637642 
156 -2483769.09 -0.9002676084637642 
157 -2483769.09 -0.9002676084637642 
158 -2483769.09 -0.9002676084637642 
159 -2483769.09 -0.9002676084637642 
160 -2483769.09 -0.9002676084637642 

BBE BBO
161 -2483769.09 -0.9002676084637642 
162 -2483769.09 -0.9002676084637642 
163 -2483769.09 -0.9002676084637642 
164 -2483769.09 -0.9002676084637642 
165 -2483769.09 -0.9002676084637642 
166 -2483769.09 -0.9002676084637642 
167 -2483769.09 -0.9002676084637642 
168 -2483769.09 -0.9002676084637642 
169 -2483769.09 -0.9002676084637642 
170 -2483769.09 -0.9002676084637642 
171 -2483769.09 -0.9002676084637642 
172 -2483769.09 -0.9002676084637642 
173 -2483769.09 -0.9002676084637642 
174 -2483769.09 -0.9002676084637642 
175 -2483769.09 -0.9002676084637642 
176 -2483769.09 -0.9002676084637642 
177 -2483769.09 -0.9002676084637642 
178 -2483769.09 -0.9002676084637642 
179 -2483769.09 -0.9002676084637642 
180 -2483769.09 -0.9002676084637642 
181 -2483769.09 -0.9002676084637642 
182 -2483769.09 -0.9002676084637642 
183 -2483769.09 -0.9002676084637642 
184 -2483769.09 -0.9002676084637642 
185 -2483769.09 -0.9002676084637642 
186 -2483769.09 -0.9002676084637642 
187 -2483769.09 -0.9002676084637642 
188 -2483769.09 -0.9002676084637642 
189 -2483769.09 -0.9002676084637642 
190 -2483769.09 -0.9002676084637642 
191 -2483769.09 -0.9002676084637642 
192 -2483769.09 -0.9002676084637642 
193 -2483769.09 -0.9002676084637642 
194 -2483769.09 -0.9002676084637642 
195 -2483769.09 -0.9002676084637642 
196 -2483769.09 -0.9002676084637642 
197 -2483769.09 -0.9002676084637642 
198 -2483769.09 -0.9002676084637642 
199 -2483769.09 -0.9002676084637642 
200 -2483769.09 -0.9002676084637642 
A termination criterion is reached: Maximum number of blackbox evaluations (Eval Global) 200

Best feasible solution:     #654 ( 1 60 55 1 )	Evaluation OK	 f = -2496832.7999999998137       	 h =   0                     

Best infeasible solution:   Undefined.

Blackbox evaluations:         200
Total model evaluations:      17873
Cache hits:                   33
Total number of evaluations:  233
(11, 47, 47, 11)
before =  (1.00001, 59.9999956645, 54.9999998618, 1.0)
after =  (11, 47, 47, 11)
before =  (1.0, 60.0, 55.0000005256, 1.0)
after =  (11, 47, 47, 11)
before =  (1.0, 59.9999821672, 54.999989583, 1.0000051734)
after =  (11, 47, 47, 11)
before =  (1.0, 59.9999866254, 54.99997968725, 1.0000042042)
after =  (11, 47, 47, 11)
before =  (1.000003031105, 60.0, 55.00001, 1.0)
after =  (11, 47, 47, 11)
before =  (1.000004953114, 59.999995, 55.0000055196, 1.00000082468)
after =  (11, 47, 47, 11)
before =  (1.0, 60.0, 54.9999944804, 1.0)
after =  (11, 47, 47, 11)
before =  (1.0, 60.0, 55.0000029459, 1.000002)
after =  (11, 47, 47, 11)
before =  (1.0, 60.0, 54.9999870541, 1.0)
after =  (11, 47, 47, 11)
before =  (1.0, 59.9999933127, 54.999999843625, 1.0000011021)
after =  (11, 47, 47, 11)
before =  (1.000005, 59.99999909825, 54.9999965964, 1.00000059925)
after =  (11, 47, 47, 11)
before =  (1.00000375, 59.9999990071875, 54.99999735045, 1.0000004494375)
after =  (11, 47, 47, 11)
before =  (1.000000867112, 60.0, 55.000005, 1.0)
after =  (11, 47, 47, 11)
before =  (1.0, 59.999999044739, 55.000002609121, 1.0)
after =  (11, 47, 47, 11)
before =  (1.0, 59.999999604446, 54.999995, 1.000000108968)
after =  (11, 47, 47, 11)
before =  (1.0, 60.0, 55.000000102796, 1.00000011905)
after =  (11, 47, 47, 11)
before =  (1.0, 60.0, 54.999997288083, 1.0)
after =  (11, 47, 47, 11)
before =  (1.0000025, 59.99999565635, 54.99999870515001, 1.0)
after =  (11, 47, 47, 11)
before =  (1.0, 59.999999367, 54.99999524719999, 1.00000059925)
after =  (11, 47, 47, 11)
before =  (1.0, 59.99999952525, 54.99999893539999, 1.0000004494375)
after =  (11, 47, 47, 11)
before =  (1.0, 59.999999555841, 54.999998, 1.0)
after =  (11, 47, 47, 11)
before =  (1.0, 59.999999, 55.000000919031, 1.00000018374993)
after =  (11, 47, 47, 11)
before =  (1.0, 60.0, 55.000002, 1.0)
after =  (11, 47, 47, 11)
before =  (1.000000960657, 60.0, 55.000002, 1.00000039987777)
after =  (11, 47, 47, 11)
before =  (1.0, 60.0, 54.999997080969, 1.0)
after =  (11, 47, 47, 11)
before =  (1.000001875, 59.999999367, 54.9999997402, 1.000000399625)
after =  (11, 47, 47, 11)
before =  (1.000001007888, 59.99999887059374, 54.999993744325, 1.00000022471875)
after =  (11, 47, 47, 11)
before =  (1.000000972694, 59.99999915294531, 54.99999655824375, 1.00000016853906)
after =  (11, 47, 47, 11)
before =  (1.0000005, 59.9999997551733, 55.000000784639, 1.0)
after =  (11, 47, 47, 11)
before =  (1.0, 60.0, 55.000001, 1.00000012640201)
after =  (11, 47, 47, 11)
before =  (1.00000036944617, 60.0, 54.999999530453, 1.0)
after =  (11, 47, 47, 11)
before =  (1.0, 59.9999995, 55.000000469547, 1.00000005935174)
after =  (11, 47, 47, 11)
before =  (1.0, 60.0, 54.999998215361, 1.0)
after =  (11, 47, 47, 11)
before =  (1.0, 59.999999367, 54.999998120498, 1.0)
after =  (11, 47, 47, 11)
before =  (1.0, 59.99999952525, 54.9999990903735, 1.0)
after =  (11, 47, 47, 11)
before =  (1.00000001081464, 59.9999998, 54.9999998555478, 1.00000004300183)
after =  (11, 47, 47, 11)
before =  (1.0, 60.0, 55.0000001444522, 1.0)
after =  (11, 47, 47, 11)
before =  (1.0, 60.0, 54.99999986543166, 1.00000004005952)
after =  (11, 47, 47, 11)
before =  (1.0, 59.99999994872449, 55.0000005, 1.0000000110247)
after =  (11, 47, 47, 11)
before =  (1.0, 60.0, 54.99999963456834, 1.0)
after =  (11, 47, 47, 11)
before =  (1.00000018472308, 60.0, 54.99999960987751, 1.00000000017326)
after =  (11, 47, 47, 11)
before =  (1.00000013854231, 60.0, 54.99999982479488, 1.00000001496788)
after =  (11, 47, 47, 11)
before =  (1.0, 59.99999999649083, 54.99999995561725, 1.00000002019566)
after =  (11, 47, 47, 11)
before =  (1.0, 59.9999999, 55.0000000140634, 1.0)
after =  (11, 47, 47, 11)
before =  (1.0, 60.0, 54.99999986002682, 1.0)
after =  (11, 47, 47, 11)
before =  (1.00000000322081, 60.0, 54.9999999859366, 1.00000000639933)
after =  (11, 47, 47, 11)
before =  (1.0, 60.0, 55.00000018435593, 1.0)
after =  (11, 47, 47, 11)
before =  (1.00000017390844, 60.0, 55.00000022387671, 1.00000001652317)
after =  (11, 47, 47, 11)
before =  (1.00000013313499, 60.0, 55.00000013179448, 1.00000002314284)
after =  (11, 47, 47, 11)
before =  (1.0, 60.0, 55.00000000216399, 1.00000000035233)
after =  (11, 47, 47, 11)
before =  (1.0, 60.0, 54.9999999, 1.0)
after =  (11, 47, 47, 11)
before =  (1.00000000142049, 59.99999998218026, 55.0000001, 1.00000001628157)
after =  (11, 47, 47, 11)
before =  (1.0, 59.99999995, 55.00000003194924, 1.0)
after =  (11, 47, 47, 11)
before =  (1.0, 60.0, 54.99999996588677, 1.0)
after =  (11, 47, 47, 11)
before =  (1.0, 59.9999999, 54.99999980946213, 1.00000002002976)
after =  (11, 47, 47, 11)
before =  (1.00000006927116, 60.0, 54.99999996172213, 1.00000000731804)
after =  (11, 47, 47, 11)
before =  (1.00000005195337, 60.0, 54.99999996019591, 1.00000001053745)
after =  (11, 47, 47, 11)
before =  (1.00000002, 59.99999999410713, 55.00000000519947, 1.0)
after =  (11, 47, 47, 11)

NOMAD results 
x_best = [1.0, 60.0, 55.0, 1.0]
f_best = -2496832.8
h_best = 0.0
nb_evals = 200
nb_iters = 0
run_flag = 0
stop_reason = Maximum number of blackbox evaluations (Eval Global) 

run the latest ...
