Optimization storage folder ./simulations/storage/OPT_nomad_Egg_CCS_const_2 created
before =  (13.0, 41.0, 10.0, 25.0)
after =  (13, 41, 11, 25)
BBE BBO
1 -1896414.3 1.8139899174372354 
before =  (11.0, 45.0, 15.0, 20.0)
after =  (11, 46, 15, 20)
2 -2003229.855 1.1645947297414145  (Phase One)
before =  (5.0, 57.0, 30.0, 5.0)
after =  (11, 47, 30, 6)
3 -2493422.58 -0.8967904845873514  (Phase One)
before =  (1.0, 60.0, 60.0, 1.0)
after =  (11, 47, 48, 12)
4 -2496700.8 -0.9002989754080772 
5 -2496700.8 -0.9002989754080772 
6 -2496700.8 -0.9002989754080772 
7 -2496700.8 -0.9002989754080772 
8 -2496700.8 -0.9002989754080772 
9 -2496700.8 -0.9002989754080772 
10 -2496700.8 -0.9002989754080772 
before =  (1.0, 55.0, 60.0, 1.0)
after =  (11, 47, 48, 12)
before =  (6.0, 60.0, 60.0, 1.0)
after =  (11, 47, 48, 12)
before =  (1.0, 60.0, 60.0, 6.0)
after =  (11, 47, 48, 12)
before =  (1.0, 50.0, 57.0, 8.0)
after =  (11, 47, 48, 12)
before =  (4.0, 53.0, 59.0, 1.0)
after =  (11, 47, 48, 12)
before =  (3.0, 54.0, 59.0, 1.0)
after =  (11, 47, 48, 12)
before =  (1.0, 55.0, 59.0, 4.0)
after =  (11, 47, 48, 12)
before =  (2.0, 56.0, 60.0, 1.0)
after =  (11, 47, 48, 12)
before =  (1.0, 58.0, 55.0, 1.0)
after =  (11, 47, 47, 11)
11 -2496700.8 -0.9002989754080772 
12 -2496700.8 -0.9002989754080772 
13 -2496832.8 -0.9002988822758198 
before =  (1.0, 52.0, 40.0, 1.0)
after =  (11, 47, 40, 7)
14 -2485681.605 -0.8998415097594261 
15 -2485681.605 -0.8998415097594261 
16 -2485681.605 -0.8998415097594261 
before =  (4.0, 60.0, 60.0, 1.0)
after =  (11, 47, 48, 12)
before =  (2.0, 54.0, 58.0, 5.0)
after =  (11, 47, 48, 12)
before =  (5.0, 51.0, 47.0, 1.0)
after =  (11, 47, 43, 7)
17 -2483769.09 -0.9002676084637642 
18 -2483769.09 -0.9002676084637642 
19 -2483769.09 -0.9002676084637642 
20 -2483769.09 -0.9002676084637642 
before =  (1.0, 49.0, 45.0, 6.0)
after =  (11, 47, 43, 7)
before =  (6.0, 51.0, 60.0, 5.0)
after =  (11, 47, 48, 12)
before =  (1.0, 60.0, 49.0, 1.0)
after =  (11, 47, 43, 7)
before =  (1.0, 56.0, 60.0, 8.0)
after =  (11, 47, 49, 14)
21 -2489126.31 -0.9002989816168944 
22 -2489126.31 -0.9002989816168944 
23 -2489126.31 -0.9002989816168944 
24 -2489126.31 -0.9002989816168944 
25 -2489126.31 -0.9002989816168944 
26 -2489126.31 -0.9002989816168944 
27 -2489126.31 -0.9002989816168944 
before =  (1.0, 54.0, 57.0, 1.0)
after =  (11, 47, 47, 11)
before =  (2.0, 55.0, 57.0, 1.0)
after =  (11, 47, 47, 11)
before =  (1.0, 60.0, 53.0, 3.0)
after =  (11, 47, 47, 11)
before =  (1.0, 57.0, 50.0, 1.0)
after =  (11, 47, 43, 7)
before =  (1.0, 59.0, 55.0, 1.0)
after =  (11, 47, 47, 11)
before =  (5.0, 60.0, 60.0, 5.0)
after =  (11, 47, 48, 12)
before =  (1.0, 57.0, 57.0, 1.0)
after =  (11, 47, 47, 11)
before =  (1.0, 56.0, 54.0, 1.0)
after =  (11, 47, 44, 8)
28 -2489126.31 -0.9002989816168944 
29 -2491351.995 -0.9002805724740028 
30 -2491351.995 -0.9002805724740028 
31 -2491351.995 -0.9002805724740028 
32 -2491351.995 -0.9002805724740028 
33 -2491351.995 -0.9002805724740028 
34 -2491351.995 -0.9002805724740028 
35 -2491351.995 -0.9002805724740028 
36 -2491351.995 -0.9002805724740028 
37 -2491351.995 -0.9002805724740028 
38 -2491351.995 -0.9002805724740028 
39 -2491351.995 -0.9002805724740028 
40 -2491351.995 -0.9002805724740028 

BBE BBO
41 -2491351.995 -0.9002805724740028 
42 -2491351.995 -0.9002805724740028 
43 -2491351.995 -0.9002805724740028 
44 -2491351.995 -0.9002805724740028 
45 -2491351.995 -0.9002805724740028 
46 -2491351.995 -0.9002805724740028 
47 -2491351.995 -0.9002805724740028 
48 -2491351.995 -0.9002805724740028 
49 -2491351.995 -0.9002805724740028 
50 -2491351.995 -0.9002805724740028 
51 -2491351.995 -0.9002805724740028 
52 -2491351.995 -0.9002805724740028 
53 -2491351.995 -0.9002805724740028 
54 -2491351.995 -0.9002805724740028 
55 -2491351.995 -0.9002805724740028 
56 -2491351.995 -0.9002805724740028 
57 -2491351.995 -0.9002805724740028 
58 -2491351.995 -0.9002805724740028 
59 -2491351.995 -0.9002805724740028 
60 -2491351.995 -0.9002805724740028 
61 -2491351.995 -0.9002805724740028 
62 -2491351.995 -0.9002805724740028 
63 -2491351.995 -0.9002805724740028 
64 -2491351.995 -0.9002805724740028 
65 -2491351.995 -0.9002805724740028 
66 -2491351.995 -0.9002805724740028 
67 -2491351.995 -0.9002805724740028 
68 -2491351.995 -0.9002805724740028 
69 -2491351.995 -0.9002805724740028 
70 -2491351.995 -0.9002805724740028 
71 -2491351.995 -0.9002805724740028 
72 -2491351.995 -0.9002805724740028 
73 -2491351.995 -0.9002805724740028 
74 -2491351.995 -0.9002805724740028 
75 -2491351.995 -0.9002805724740028 
76 -2491351.995 -0.9002805724740028 
77 -2491351.995 -0.9002805724740028 
78 -2491351.995 -0.9002805724740028 
79 -2491351.995 -0.9002805724740028 
80 -2491351.995 -0.9002805724740028 

BBE BBO
81 -2491351.995 -0.9002805724740028 
82 -2491351.995 -0.9002805724740028 
83 -2491351.995 -0.9002805724740028 
84 -2491351.995 -0.9002805724740028 
85 -2491351.995 -0.9002805724740028 
86 -2491351.995 -0.9002805724740028 
87 -2491351.995 -0.9002805724740028 
88 -2491351.995 -0.9002805724740028 
89 -2491351.995 -0.9002805724740028 
90 -2491351.995 -0.9002805724740028 
91 -2491351.995 -0.9002805724740028 
92 -2491351.995 -0.9002805724740028 
93 -2491351.995 -0.9002805724740028 
94 -2491351.995 -0.9002805724740028 
95 -2491351.995 -0.9002805724740028 
96 -2491351.995 -0.9002805724740028 
97 -2491351.995 -0.9002805724740028 
98 -2491351.995 -0.9002805724740028 
99 -2491351.995 -0.9002805724740028 
100 -2491351.995 -0.9002805724740028 
101 -2491351.995 -0.9002805724740028 
102 -2491351.995 -0.9002805724740028 
103 -2491351.995 -0.9002805724740028 
104 -2491351.995 -0.9002805724740028 
105 -2491351.995 -0.9002805724740028 
106 -2491351.995 -0.9002805724740028 
107 -2491351.995 -0.9002805724740028 
108 -2491351.995 -0.9002805724740028 
109 -2491351.995 -0.9002805724740028 
110 -2491351.995 -0.9002805724740028 
111 -2491351.995 -0.9002805724740028 
112 -2491351.995 -0.9002805724740028 
113 -2491351.995 -0.9002805724740028 
114 -2491351.995 -0.9002805724740028 
115 -2491351.995 -0.9002805724740028 
116 -2491351.995 -0.9002805724740028 
117 -2491351.995 -0.9002805724740028 
118 -2491351.995 -0.9002805724740028 
119 -2491351.995 -0.9002805724740028 
120 -2491351.995 -0.9002805724740028 

BBE BBO
121 -2491351.995 -0.9002805724740028 
122 -2491351.995 -0.9002805724740028 
123 -2491351.995 -0.9002805724740028 
124 -2491351.995 -0.9002805724740028 
125 -2491351.995 -0.9002805724740028 
126 -2491351.995 -0.9002805724740028 
127 -2491351.995 -0.9002805724740028 
128 -2491351.995 -0.9002805724740028 
129 -2491351.995 -0.9002805724740028 
130 -2491351.995 -0.9002805724740028 
131 -2491351.995 -0.9002805724740028 
132 -2491351.995 -0.9002805724740028 
133 -2491351.995 -0.9002805724740028 
134 -2491351.995 -0.9002805724740028 
135 -2491351.995 -0.9002805724740028 
136 -2491351.995 -0.9002805724740028 
137 -2491351.995 -0.9002805724740028 
138 -2491351.995 -0.9002805724740028 
139 -2491351.995 -0.9002805724740028 
140 -2491351.995 -0.9002805724740028 
141 -2491351.995 -0.9002805724740028 
before =  (1.0, 57.0, 56.0, 2.0)
after =  (11, 47, 47, 11)
before =  (2.0, 58.0, 55.0, 1.0)
after =  (11, 47, 47, 11)
before =  (1.0, 60.0, 54.0, 1.0)
after =  (11, 47, 44, 8)
before =  (1.0, 60.0, 60.0, 5.0)
after =  (11, 47, 48, 12)
before =  (2.5, 58.0, 58.0, 1.0)
after =  (11, 47, 47, 11)
before =  (1.38, 56.0, 59.0, 2.5)
after =  (11, 47, 48, 12)
before =  (1.0, 58.0, 56.0, 1.0)
after =  (11, 47, 47, 11)
before =  (1.15, 59.0, 55.0, 1.06)
after =  (11, 47, 47, 11)
before =  (1.02, 58.0, 55.0, 1.0)
after =  (11, 47, 47, 11)
before =  (1.0, 58.0, 55.0, 1.5)
after =  (11, 47, 47, 11)
before =  (1.0, 57.0, 54.0, 1.0)
after =  (11, 47, 44, 8)
before =  (2.5, 60.0, 54.0, 2.5)
after =  (11, 47, 47, 11)
before =  (1.5, 54.5, 56.0, 1.5)
after =  (11, 47, 47, 11)
before =  (1.38, 55.88, 55.5, 1.38)
after =  (11, 47, 47, 11)
before =  (1.2, 58.35, 55.32, 1.0)
after =  (11, 47, 47, 11)
before =  (1.0, 57.5, 55.43, 1.0)
after =  (11, 47, 47, 11)
before =  (1.19, 57.65, 54.5, 1.0)
after =  (11, 47, 47, 11)
before =  (1.1, 57.81, 55.16, 1.2)
after =  (11, 47, 47, 11)
before =  (1.0, 58.2, 55.02, 1.0)
after =  (11, 47, 47, 11)
before =  (1.0, 55.0, 55.57, 2.5)
after =  (11, 47, 47, 11)
before =  (1.06, 58.5, 55.5, 1.28)
after =  (11, 47, 47, 11)
before =  (1.05, 58.38, 55.38, 1.21)
after =  (11, 47, 47, 11)
before =  (1.0, 57.96, 54.97, 1.1)
after =  (11, 47, 47, 11)
before =  (1.0, 57.8, 55.13, 1.0)
after =  (11, 47, 47, 11)
before =  (1.0, 58.2, 55.15, 1.02)
after =  (11, 47, 47, 11)
before =  (1.01, 58.04, 55.03, 1.0)
after =  (11, 47, 47, 11)
before =  (1.0, 57.8, 54.85, 1.0)
after =  (11, 47, 47, 11)
before =  (1.2, 59.0, 54.0, 1.5)
after =  (11, 47, 47, 11)
before =  (1.01, 58.12, 55.22, 1.0)
after =  (11, 47, 47, 11)
before =  (1.0325, 58.04, 55.2, 1.0)
after =  (11, 47, 47, 11)
before =  (1.0, 58.04, 54.9, 1.0)
after =  (11, 47, 47, 11)
before =  (1.0, 57.9, 55.05, 1.0)
after =  (11, 47, 47, 11)
before =  (1.0, 57.93, 54.95, 1.05)
after =  (11, 47, 47, 11)
before =  (1.0223, 57.96, 55.1, 1.0271)
after =  (11, 47, 47, 11)
before =  (1.0, 58.17, 55.0, 1.0)
after =  (11, 47, 47, 11)
before =  (1.01, 58.39999999999999, 54.95500000000001, 1.01)
after =  (11, 47, 47, 11)
before =  (1.0075, 58.24999999999999, 54.9988, 1.0075)
after =  (11, 47, 47, 11)
before =  (1.0, 58.05, 54.9892, 1.0)
after =  (11, 47, 47, 11)
before =  (1.02, 58.0109, 55.0091, 1.0043)
after =  (11, 47, 47, 11)
before =  (1.0, 57.9891, 54.9909, 1.0)
after =  (11, 47, 47, 11)
before =  (1.0042, 57.9911, 54.95, 1.0009)
after =  (11, 47, 47, 11)
before =  (1.0, 57.9589, 55.0608, 1.0)
after =  (11, 47, 47, 11)
before =  (1.0063, 58.12499999999999, 54.935, 1.0)
after =  (11, 47, 47, 11)
before =  (1.015, 58.085, 54.94000000000001, 1.025)
after =  (11, 47, 47, 11)
before =  (1.0113, 58.0388, 54.96750000000001, 1.0188)
after =  (11, 47, 47, 11)
before =  (1.0, 57.9996, 54.9978, 1.0007)
after =  (11, 47, 47, 11)
before =  (1.0002, 58.02, 54.9948, 1.0016)
after =  (11, 47, 47, 11)
before =  (1.0, 57.98, 55.0052, 1.0)
after =  (11, 47, 47, 11)
before =  (1.0012, 57.9943, 54.9906, 1.01)
after =  (11, 47, 47, 11)
before =  (1.0, 58.0061, 55.0116, 1.0)
after =  (11, 47, 47, 11)
before =  (1.0, 58.03409999999999, 55.00050000000001, 1.0)
after =  (11, 47, 47, 11)
before =  (1.00125, 58.02829999999999, 55.0027, 1.0)
after =  (11, 47, 47, 11)
before =  (1.001245, 58.01, 54.9943, 1.001536)
after =  (11, 47, 47, 11)
before =  (1.0, 57.99, 55.0057, 1.0)
after =  (11, 47, 47, 11)
before =  (1.005, 58.0019, 55.0059, 1.0)
after =  (11, 47, 47, 11)
before =  (1.0, 57.9981, 54.9941, 1.001583)
after =  (11, 47, 47, 11)
before =  (1.01, 58.00445, 55.0054, 1.0)
after =  (11, 47, 47, 11)
before =  (1.0048, 57.99435, 55.01455000000001, 1.0)
after =  (11, 47, 47, 11)
before =  (1.00365, 58.00076250000001, 55.00961250000001, 1.0)
after =  (11, 47, 47, 11)
before =  (1.0, 58.000899, 55.00177, 1.0)
after =  (11, 47, 47, 11)
before =  (1.000395, 57.995, 55.002492, 1.0)
after =  (11, 47, 47, 11)
before =  (1.000743, 58.002379, 54.998701, 1.0)
after =  (11, 47, 47, 11)
before =  (1.002, 57.999101, 54.99823, 1.000756)
after =  (11, 47, 47, 11)
before =  (1.0, 58.002621, 54.99880700000001, 1.0)
after =  (11, 47, 47, 11)
before =  (1.0025, 57.99955, 54.99272500000001, 1.000792)
after =  (11, 47, 47, 11)
before =  (1.0, 57.9874, 55.00584999999999, 1.0)
after =  (11, 47, 47, 11)
before =  (1.0, 57.99305, 55.0029625, 1.0)
after =  (11, 47, 47, 11)
before =  (1.000086, 58.002, 54.999957, 1.0)
after =  (11, 47, 47, 11)
before =  (1.0, 57.998, 55.000043, 1.00004)
after =  (11, 47, 47, 11)
before =  (1.0, 58.000235, 55.001078, 1.001)
after =  (11, 47, 47, 11)
before =  (1.000778, 57.999765, 54.998922, 1.0)
after =  (11, 47, 47, 11)
before =  (1.001, 57.99750150000001, 54.993295, 1.0015195)
after =  (11, 47, 47, 11)
before =  (1.00075, 57.998350875, 54.99541375, 1.001139625)
after =  (11, 47, 47, 11)
before =  (1.00033238, 57.999889, 54.999, 1.0)
after =  (11, 47, 47, 11)
before =  (1.0, 58.000111, 55.001, 1.00000545)
after =  (11, 47, 47, 11)
before =  (1.0, 58.001, 54.999826, 1.0)
after =  (11, 47, 47, 11)
before =  (1.00004699, 57.999, 55.000174, 1.00000095)
after =  (11, 47, 47, 11)
before =  (1.00125, 57.9968355, 55.0029625, 1.001583)
after =  (11, 47, 47, 11)
before =  (1.0003715, 57.99881799999999, 55.00032849999998, 1.00035)
after =  (11, 47, 47, 11)
before =  (1.000278625, 57.99976874999999, 54.99994812499999, 1.0002625)
after =  (11, 47, 47, 11)
before =  (1.0002, 58.00008093, 55.00005285, 1.00001015)
after =  (11, 47, 47, 11)
before =  (1.0, 57.99991907, 54.99994715, 1.0)
after =  (11, 47, 47, 11)
before =  (1.00003742, 57.99982381, 54.9995, 1.0)
after =  (11, 47, 47, 11)
before =  (1.0, 58.00017619, 55.0005, 1.00009599)
after =  (11, 47, 47, 11)
before =  (1.0, 57.99972825, 54.99938125000001, 1.0007915)
after =  (11, 47, 47, 11)
before =  (1.00055519, 57.9988825, 54.999635, 1.000002725)
after =  (11, 47, 47, 11)
before =  (1.0004163925, 57.999411875, 54.99968275, 1.00000204375)
after =  (11, 47, 47, 11)
before =  (1.0001, 58.00004169, 54.99999809, 1.0)
after =  (11, 47, 47, 11)
before =  (1.0, 57.99995831, 55.00000191, 1.00003037)
after =  (11, 47, 47, 11)
before =  (1.0, 57.99991603, 54.99999372, 1.0)
after =  (11, 47, 47, 11)
before =  (1.0, 58.00000568, 55.0002, 1.0)
after =  (11, 47, 47, 11)
before =  (1.0, 58.00007829, 54.99980628, 1.0)
after =  (11, 47, 47, 11)
before =  (1.0002018925, 58.00006056499999, 55.00047406249999, 1.000136325)
after =  (11, 47, 47, 11)
before =  (1.000160774375, 58.00000137625, 55.00023054687499, 1.00010224375)
after =  (11, 47, 47, 11)
before =  (1.00005, 57.9999499, 55.00002452, 1.0)
after =  (11, 47, 47, 11)
before =  (1.0, 58.0000501, 54.99997548, 1.0000030022)
after =  (11, 47, 47, 11)
before =  (1.0000299002, 58.00006748, 54.9999, 1.0000122438)
after =  (11, 47, 47, 11)
before =  (1.0, 57.99993252, 55.0001, 1.0)
after =  (11, 47, 47, 11)
before =  (1.00005, 58.00004350500001, 54.999979855, 1.000015185)
after =  (11, 47, 47, 11)
before =  (1.0000375, 58.00001163625001, 54.99998332125, 1.00001138875)
after =  (11, 47, 47, 11)
before =  (1.0000031224, 57.99995, 55.0000341489, 1.0)
after =  (11, 47, 47, 11)
before =  (1.0, 58.00005, 54.9999658511, 1.0000032719)
after =  (11, 47, 47, 11)
before =  (1.0, 58.0000151178, 55.0000317431, 1.0)
after =  (11, 47, 47, 11)
before =  (1.00002, 57.9999848822, 54.9999682569, 1.0000030414)
after =  (11, 47, 47, 11)
before =  (1.0, 57.999946805, 54.99994687, 1.000015185)
after =  (11, 47, 47, 11)
before =  (1.0, 57.99994757875, 54.9999662825, 1.00001138875)
after =  (11, 47, 47, 11)
before =  (1.0, 58.000014238, 54.99998, 1.0)
after =  (11, 47, 47, 11)
before =  (1.0000004718, 57.999985762, 55.00002, 1.0000003737)
after =  (11, 47, 47, 11)
before =  (1.0, 57.99998, 54.9999865881, 1.0)
after =  (11, 47, 47, 11)
before =  (1.0, 58.0000003396, 54.999999523, 1.00001)
after =  (11, 47, 47, 11)
before =  (1.0, 58.0000196604, 55.0000138889, 1.0)
after =  (11, 47, 47, 11)
before =  (1.00000875, 57.999946805, 55.00000050945, 1.000015185)
after =  (11, 47, 47, 11)
before =  (1.0000156276, 58.000060023125, 54.99994620672501, 1.000022380475)
after =  142 -2491351.995 -0.9002805724740028 
143 -2491351.995 -0.9002805724740028 
144 -2491351.995 -0.9002805724740028 
145 -2491351.995 -0.9002805724740028 
146 -2491351.995 -0.9002805724740028 
147 -2491351.995 -0.9002805724740028 
148 -2491351.995 -0.9002805724740028 
149 -2491351.995 -0.9002805724740028 
150 -2491351.995 -0.9002805724740028 
151 -2491351.995 -0.9002805724740028 
152 -2491351.995 -0.9002805724740028 
153 -2491351.995 -0.9002805724740028 
154 -2491351.995 -0.9002805724740028 
155 -2491351.995 -0.9002805724740028 
156 -2491351.995 -0.9002805724740028 
157 -2491351.995 -0.9002805724740028 
158 -2491351.995 -0.9002805724740028 
159 -2491351.995 -0.9002805724740028 
160 -2491351.995 -0.9002805724740028 

BBE BBO
161 -2491351.995 -0.9002805724740028 
162 -2491351.995 -0.9002805724740028 
163 -2491351.995 -0.9002805724740028 
164 -2491351.995 -0.9002805724740028 
165 -2491351.995 -0.9002805724740028 
166 -2491351.995 -0.9002805724740028 
167 -2491351.995 -0.9002805724740028 
168 -2491351.995 -0.9002805724740028 
169 -2491351.995 -0.9002805724740028 
170 -2491351.995 -0.9002805724740028 
171 -2491351.995 -0.9002805724740028 
172 -2491351.995 -0.9002805724740028 
173 -2491351.995 -0.9002805724740028 
174 -2491351.995 -0.9002805724740028 
175 -2491351.995 -0.9002805724740028 
176 -2491351.995 -0.9002805724740028 
177 -2491351.995 -0.9002805724740028 
178 -2491351.995 -0.9002805724740028 
179 -2491351.995 -0.9002805724740028 
180 -2491351.995 -0.9002805724740028 
181 -2491351.995 -0.9002805724740028 
182 -2491351.995 -0.9002805724740028 
183 -2491351.995 -0.9002805724740028 
184 -2491351.995 -0.9002805724740028 
185 -2491351.995 -0.9002805724740028 
186 -2491351.995 -0.9002805724740028 
187 -2491351.995 -0.9002805724740028 
188 -2491351.995 -0.9002805724740028 
189 -2491351.995 -0.9002805724740028 
190 -2491351.995 -0.9002805724740028 
191 -2491351.995 -0.9002805724740028 
192 -2491351.995 -0.9002805724740028 
193 -2491351.995 -0.9002805724740028 
194 -2491351.995 -0.9002805724740028 
195 -2491351.995 -0.9002805724740028 
196 -2491351.995 -0.9002805724740028 
197 -2491351.995 -0.9002805724740028 
198 -2491351.995 -0.9002805724740028 
199 -2491351.995 -0.9002805724740028 
200 -2491351.995 -0.9002805724740028 
A termination criterion is reached: Maximum number of blackbox evaluations (Eval Global) No more points to evaluate 200

Best feasible solution:     #561 ( 1 58 55 1 )	Evaluation OK	 f = -2496832.7999999998137       	 h =   0                     

Best infeasible solution:   Undefined.

Blackbox evaluations:         200
Total model evaluations:      18195
Cache hits:                   38
Total number of evaluations:  238
(11, 47, 47, 11)
before =  (1.0000125013, 58.00003251734375, 54.99996819226876, 1.00001678535625)
after =  (11, 47, 47, 11)
before =  (1.0, 58.0000035625, 54.9999998243, 1.000004153067)
after =  (11, 47, 47, 11)
before =  (1.0, 58.00001, 55.0000001829, 1.0)
after =  (11, 47, 47, 11)
before =  (1.0, 57.99999, 55.0000004931, 1.0)
after =  (11, 47, 47, 11)
before =  (1.000005, 57.9999964375, 55.0000001757, 1.0)
after =  (11, 47, 47, 11)
before =  (1.0, 58.0, 54.99999932399999, 1.0)
after =  (11, 47, 47, 11)
before =  (1.0000002359, 58.0000072193, 55.00001634855001, 1.0)
after =  (11, 47, 47, 11)
before =  (1.000000176925, 58.00000549937499, 55.0000121421625, 1.0)
after =  (11, 47, 47, 11)
before =  (1.0, 58.000000614059, 54.999999054522, 1.000000721644)
after =  (11, 47, 47, 11)
before =  (1.0, 58.000005, 55.000001466175, 1.0)
after =  (11, 47, 47, 11)
before =  (1.0, 57.999998298166, 54.999995711406, 1.0)
after =  (11, 47, 47, 11)
before =  (1.000002, 57.999999385941, 55.000000945478, 1.0)
after =  (11, 47, 47, 11)
before =  (1.0, 57.999996701834, 55.000002822419, 1.0)
after =  (11, 47, 47, 11)
before =  (1.0000025, 58.000015, 54.99999959835, 1.0000020765335)
after =  (11, 47, 47, 11)
before =  (1.000001875, 58.00000875000001, 54.9999998220375, 1.00000155740012)
after =  (11, 47, 47, 11)
before =  (1.000001, 58.000000176426, 54.99999853335, 1.000000410714)
after =  (11, 47, 47, 11)
before =  (1.0, 57.999999823574, 55.00000146665, 1.0)
after =  (11, 47, 47, 11)
before =  (1.000000068695, 58.000002, 55.000000325754, 1.0)
after =  (11, 47, 47, 11)
before =  (1.0, 57.999998, 54.999999674246, 1.000000091223)
after =  (11, 47, 47, 11)
before =  (1.0000015, 57.99999249999999, 55.00000392678425, 1.0000030765335)
after =  (11, 47, 47, 11)
before =  (1.000001, 57.999995, 54.99999819582499, 1.000000360822)
after =  (11, 47, 47, 11)
before =  (1.00000075, 57.9999975, 54.99999901341249, 1.0000002706165)
after =  (11, 47, 47, 11)
before =  (1.00000048558257, 57.99999993764, 55.000000478328, 1.0)
after =  (11, 47, 47, 11)
before =  (1.0, 58.000001, 55.00000004034, 1.0)
after =  (11, 47, 47, 11)
before =  (1.00000002124899, 57.999999, 54.99999995966, 1.00000004216818)
after =  (11, 47, 47, 11)
before =  (1.0, 57.999999942025, 54.999999, 1.0)
after =  (11, 47, 47, 11)
before =  (1.0, 58.000000120335, 55.000000521672, 1.0)
after =  (11, 47, 47, 11)
before =  (1.0, 57.99999848152049, 55.00000206712048, 1.0)
after =  (11, 47, 47, 11)
before =  (1.0, 57.99999890524687, 55.00000118367787, 1.0000000652595)
after =  (11, 47, 47, 11)
before =  (1.0, 57.99999996883128, 55.0000005, 1.00000000554982)
after =  (11, 47, 47, 11)
before =  (1.0, 57.99999985062994, 54.99999998438217, 1.0)
after =  (11, 47, 47, 11)
before =  (1.0, 58.00000023374002, 54.9999999644891, 1.00000006047343)
after =  (11, 47, 47, 11)
before =  (1.00000008796075, 58.00000014937006, 55.00000001561783, 1.0000002)
after =  (11, 47, 47, 11)
before =  (1.0, 57.9999997974287, 54.9999995355109, 1.0)
after =  (11, 47, 47, 11)
before =  (1.00000024279128, 57.99999995262343, 54.999999233325, 1.000000360822)
after =  (11, 47, 47, 11)
before =  (1.0, 58.0000002811765, 54.99999944425799, 1.000000360822)
after =  (11, 47, 47, 11)
before =  (1.0, 58.00000019529237, 54.99999970277549, 1.0000002706165)
after =  (11, 47, 47, 11)
before =  (1.0, 57.99999998139866, 55.0000002, 1.00000000055859)
after =  (11, 47, 47, 11)
before =  (1.0, 57.99999999529796, 54.99999999890497, 1.0)
after =  (11, 47, 47, 11)
before =  (1.0, 58.00000015469146, 54.99999997688008, 1.0000000029812)
after =  (11, 47, 47, 11)
before =  (1.0000001, 57.99999984530854, 55.00000002311992, 1.0)
after =  (11, 47, 47, 11)
before =  (1.0, 58.00000002330338, 54.99999980109503, 1.0)
after =  (11, 47, 47, 11)
before =  (1.00000012139564, 57.9999999393026, 54.999999233325, 1.000000180411)
after =  (11, 47, 47, 11)
before =  (1.0, 58.00000002766746, 54.99999988946271, 1.0)
after =  (11, 47, 47, 11)
before =  (1.0, 58.00000005809311, 54.99999992100149, 1.0)
after =  (11, 47, 47, 11)
before =  (1.00000003180841, 57.9999999, 55.00000002513568, 1.0)
after =  (11, 47, 47, 11)
before =  (1.0, 57.99999998645451, 55.00000003663918, 1.0)
after =  (11, 47, 47, 11)
before =  (1.0, 57.99999997021462, 54.9999999, 1.0)
after =  (11, 47, 47, 11)
before =  (1.0, 58.0000001, 54.99999997486432, 1.00000002647289)
after =  (11, 47, 47, 11)
before =  (1.0, 58.00000004333087, 55.00000006336082, 1.0)
after =  (11, 47, 47, 11)
before =  (1.0, 58.00000027422217, 54.99999993975576, 1.00000003172732)
after =  (11, 47, 47, 11)
before =  (1.0, 58.00000016699376, 54.9999999605968, 1.00000002379549)
after =  (11, 47, 47, 11)
before =  (1.0, 58.00000005, 55.00000000088354, 1.0)
after =  (11, 47, 47, 11)
before =  (1.00000000034943, 57.99999995, 54.99999999911646, 1.00000000004659)
after =  (11, 47, 47, 11)
before =  (1.0, 57.99999999910878, 55.00000000012027, 1.0)
after =  (11, 47, 47, 11)
before =  (1.0, 57.9999999998815, 55.00000000672378, 1.00000002)
after =  (11, 47, 47, 11)
before =  (1.0, 58.00000000100972, 54.99999999315595, 1.0)
after =  (11, 47, 47, 11)
before =  (1.0, 58.00000010030968, 54.99999995494794, 1.0000000014906)
after =  (11, 47, 47, 11)

NOMAD results 
x_best = [1.0, 58.0, 55.0, 1.0]
f_best = -2496832.8
h_best = 0.0
nb_evals = 200
nb_iters = 0
run_flag = 0
stop_reason = Maximum number of blackbox evaluations (Eval Global) No more points to evaluate 

run the latest ...
