Optimization storage folder ./simulations/storage/OPT_nomad_Egg_CCS created
BBE BBO
1 -1851719.925 
(-1851719.925, [], [])
(-1845203.58, [], [])
(-1688490.21, [], [])
2 -1845203.58 
3 -1688490.21 
4 -2150529.975 
(-2150529.975, [], [])
5 -2893939.29 
(-2893939.29, [], [])
6 -2388825.945 
(-2388825.945, [], [])
7 -2893939.29 
(-2893939.29, [], [])
8 -2436590.31 
(-2436590.31, [], [])
9 -2649460.605 
(-2649460.605, [], [])
10 -1981515.195 
(-1981515.195, [], [])
11 -2377613.205 
(-2377613.205, [], [])
12 -3159628.23 
(-3159628.23, [], [])
13 -2523267.285 
(-2523267.285, [], [])
14 -2439102.27 
(-2439102.27, [], [])
15 -2906001.78 
(-2906001.78, [], [])
16 -2458983.45 
(-2458983.45, [], [])
17 -2649460.605 
(-2649460.605, [], [])
(-1948416.03, [], [])
(-1790015.04, [], [])
(-1531247.025, [], [])
18 -1948416.03 
19 -1790015.04 
20 -1531247.025 
21 -2380794.9 
(-2380794.9, [], [])
22 -2191851.585 
(-2191851.585, [], [])
23 -2241068.115 
(-2241068.115, [], [])
24 -3175535.55 
(-3175535.55, [], [])
25 -3177277.95 
(-3177277.95, [], [])
26 -3177012.96 
(-3177012.96, [], [])
27 -2108001.555 
(-2108001.555, [], [])
28 -2420486.145 
(-2420486.145, [], [])
29 -2902416.0 
(-2902416.0, [], [])
30 -2420486.145 
(-2420486.145, [], [])
31 -2987440.17 
(-2987440.17, [], [])
32 -2559333.975 
(-2559333.975, [], [])
33 -2094733.41 
(-2094733.41, [], [])
(-2939943.27, [], [])
(-2559333.975, [], [])
(-3177277.95, [], [])
34 -2939943.27 
35 -2559333.975 
36 -3177277.95 
37 -2349605.775 
(-2349605.775, [], [])
38 -2567369.97 
(-2567369.97, [], [])
39 -3164577.24 
(-3164577.24, [], [])
40 -3177277.95 
(-3177277.95, [], [])
(-3167380.26, [], [])
(-3164577.24, [], [])
(-3175535.55, [], [])

BBE BBO
41 -3167380.26 
42 -3164577.24 
43 -3175535.55 
44 -2517467.7 
(-2517467.7, [], [])
45 -2420486.145 
(-2420486.145, [], [])
46 -2245217.04 
(-2245217.04, [], [])
47 -3184425.75 
(-3184425.75, [], [])
48 -2506084.845 
(-2506084.845, [], [])
49 -2506084.845 
(-2506084.845, [], [])
50 -2387202.84 
(-2387202.84, [], [])
51 -2528440.035 
(-2528440.035, [], [])
52 -3164577.24 
(-3164577.24, [], [])
(-2445194.565, [], [])
(-2415964.65, [], [])
(-2528440.035, [], [])
53 -2445194.565 
54 -2415964.65 
55 -2528440.035 
56 -2982923.79 
(-2982923.79, [], [])
57 -2528440.035 
(-2528440.035, [], [])
58 -2462136.6 
(-2462136.6, [], [])
59 -3186222.93 
(-3186222.93, [], [])
60 -2380794.9 
(-2380794.9, [], [])
61 -2528440.035 
(-2528440.035, [], [])
62 -2506084.845 
(-2506084.845, [], [])
63 -3164577.24 
(-3164577.24, [], [])
(-3164577.24, [], [])
(-2559333.975, [], [])
(-2554986.885, [], [])
64 -3164577.24 
65 -2559333.975 
66 -2554986.885 
67 -2471406.465 
(-2471406.465, [], [])
68 -2108001.555 
(-2108001.555, [], [])
69 -2524655.265 
(-2524655.265, [], [])
(-3177277.95, [], [])
(-3182111.79, [], [])
(-3182111.79, [], [])
70 -3177277.95 
71 -3182111.79 
72 -3182111.79 
73 -3177012.96 
(-3177012.96, [], [])
74 -3177012.96 
(-3177012.96, [], [])
75 -3177277.95 
(-3177277.95, [], [])
76 -3162658.95 
(-3162658.95, [], [])
77 -3177012.96 
(-3177012.96, [], [])
78 -3187886.79 
(-3187886.79, [], [])
79 -2559333.975 
(-2559333.975, [], [])
80 -3177277.95 
(-3177277.95, [], [])

BBE BBO
81 -3033058.71 
(-3033058.71, [], [])
82 -3177012.96 
(-3177012.96, [], [])
(-3186222.93, [], [])
83 -3186222.93 
84 -3188585.73 
(-3188585.73, [], [])
85 -2559333.975 
(-2559333.975, [], [])
86 -2263592.76 
(-2263592.76, [], [])
87 -3177277.95 
(-3177277.95, [], [])
88 -3188585.73 
(-3188585.73, [], [])
89 -3188585.73 
(-3188585.73, [], [])
(-3136780.68, [], [])
(-3177277.95, [], [])
(-3186222.93, [], [])
90 -3136780.68 
91 -3177277.95 
92 -3186222.93 
93 -3160767.06 
(-3160767.06, [], [])
94 -3188585.73 
(-3188585.73, [], [])
95 -3136780.68 
(-3136780.68, [], [])
96 -3188585.73 
(-3188585.73, [], [])
97 -3188585.73 
(-3188585.73, [], [])
(-3177012.96, [], [])
(-3188585.73, [], [])
(-2540826.09, [], [])
98 -3177012.96 
99 -3188585.73 
100 -2540826.09 
101 -2559333.975 
(-2559333.975, [], [])
102 -2540826.09 
(-2540826.09, [], [])
103 -3188585.73 
(-3188585.73, [], [])
104 -3188585.73 
(-3188585.73, [], [])
(-3188585.73, [], [])
(-3187886.79, [], [])
(-3182111.79, [], [])
105 -3188585.73 
106 -3187886.79 
107 -3182111.79 
108 -2549436.285 
(-2549436.285, [], [])
109 -3188585.73 
(-3188585.73, [], [])
110 -3177012.96 
(-3177012.96, [], [])
111 -3188585.73 
(-3188585.73, [], [])
(-3186222.93, [], [])
(-3188585.73, [], [])
(-3188585.73, [], [])
112 -3186222.93 
113 -3188585.73 
114 -3188585.73 
115 -3188585.73 
(-3188585.73, [], [])
116 -3166886.91 
(-3166886.91, [], [])
117 -3188585.73 
(-3188585.73, [], [])
118 -3188585.73 
(-3188585.73, [], [])
119 -3188585.73 
(-3188585.73, [], [])
(-3188585.73, [], [])
(-3188585.73, [], [])
(-3188585.73, [], [])
120 -3188585.73 

BBE BBO
121 -3188585.73 
122 -3188585.73 
123 -3188585.73 
(-3188585.73, [], [])
124 -3188585.73 
(-3188585.73, [], [])
125 -3186222.93 
(-3186222.93, [], [])
126 -3188585.73 
(-3188585.73, [], [])
127 -3188585.73 
(-3188585.73, [], [])
(-3188585.73, [], [])
(-3188585.73, [], [])
(-3188585.73, [], [])
128 -3188585.73 
129 -3188585.73 
130 -3188585.73 
131 -3188585.73 
(-3188585.73, [], [])
132 -3186222.93 
(-3186222.93, [], [])
133 -3188585.73 
(-3188585.73, [], [])
134 -3188585.73 
(-3188585.73, [], [])
(-3188585.73, [], [])
(-3188585.73, [], [])
(-3188585.73, [], [])
135 -3188585.73 
136 -3188585.73 
137 -3188585.73 
138 -3188585.73 
(-3188585.73, [], [])
139 -3188585.73 
(-3188585.73, [], [])
140 -3188585.73 
(-3188585.73, [], [])
141 -3188585.73 
(-3188585.73, [], [])
(-3188585.73, [], [])
(-3188585.73, [], [])
(-3188585.73, [], [])
142 -3188585.73 
143 -3188585.73 
144 -3188585.73 
145 -3188585.73 
(-3188585.73, [], [])
146 -3188585.73 
(-3188585.73, [], [])
147 -3188585.73 
(-3188585.73, [], [])
(-3188585.73, [], [])
(-3188585.73, [], [])
(-3188585.73, [], [])
148 -3188585.73 
149 -3188585.73 
150 -3188585.73 
151 -3188585.73 
(-3188585.73, [], [])
152 -3188585.73 
(-3188585.73, [], [])
153 -3188585.73 
(-3188585.73, [], [])
(-3188585.73, [], [])
(-3188585.73, [], [])
(-3188585.73, [], [])
154 -3188585.73 
155 -3188585.73 
156 -3188585.73 
157 -3188585.73 
(-3188585.73, [], [])
158 -3188585.73 
(-3188585.73, [], [])
159 -3188585.73 
(-3188585.73, [], [])
(-3188585.73, [], [])
(-3188585.73, [], [])
(-3188585.73, [], [])
160 -3188585.73 

BBE BBO
161 -3188585.73 
162 -3188585.73 
163 -3188585.73 
(-3188585.73, [], [])
164 -3188585.73 
(-3188585.73, [], [])
165 -3188585.73 
(-3188585.73, [], [])
(-3188585.73, [], [])
(-3188585.73, [], [])
(-3188585.73, [], [])
166 -3188585.73 
167 -3188585.73 
168 -3188585.73 
169 -3188585.73 
(-3188585.73, [], [])
170 -3188585.73 
(-3188585.73, [], [])
171 -3188585.73 
(-3188585.73, [], [])
(-3188585.73, [], [])
(-3188585.73, [], [])
(-3188585.73, [], [])
172 -3188585.73 
173 -3188585.73 
174 -3188585.73 
175 -3188585.73 
(-3188585.73, [], [])
176 -3188585.73 
(-3188585.73, [], [])
177 -3188585.73 
(-3188585.73, [], [])
(-3188585.73, [], [])
(-3188585.73, [], [])
(-3188585.73, [], [])
178 -3188585.73 
179 -3188585.73 
180 -3188585.73 
181 -3188585.73 
(-3188585.73, [], [])
182 -3188585.73 
(-3188585.73, [], [])
183 -3188585.73 
(-3188585.73, [], [])
(-3188585.73, [], [])
(-3188585.73, [], [])
(-3188585.73, [], [])
184 -3188585.73 
185 -3188585.73 
186 -3188585.73 
187 -3188585.73 
(-3188585.73, [], [])
188 -3188585.73 
(-3188585.73, [], [])
189 -3188585.73 
(-3188585.73, [], [])
(-3188585.73, [], [])
(-3188585.73, [], [])
(-3188585.73, [], [])
190 -3188585.73 
191 -3188585.73 
192 -3188585.73 
193 -3188585.73 
(-3188585.73, [], [])
194 -3188585.73 
(-3188585.73, [], [])
195 -3188585.73 
(-3188585.73, [], [])
(-3188585.73, [], [])
(-3188585.73, [], [])
(-3188585.73, [], [])
196 -3188585.73 
197 -3188585.73 
198 -3188585.73 
199 -3188585.73 
(-3188585.73, [], [])
200 -3188585.73 
A termination criterion is reached: Maximum number of blackbox evaluations (Eval Global) No more points to evaluate 200

Best feasible solutions:    #16469 ( 19 1 60 27 )	Evaluation OK	 f = -3188585.7299999999814       	 h =   0                     
                            #16902 ( 19 1 59 23 )	Evaluation OK	 f = -3188585.7299999999814       	 h =   0                     
                            #16903 ( 21 1 58 25 )	Evaluation OK	 f = -3188585.7299999999814       	 h =   0                     
                            #17346 ( 19 1 60 26 )	Evaluation OK	 f = -3188585.7299999999814       	 h =   0                     
                            #18370 ( 20 1 60 23 )	Evaluation OK	 f = -3188585.7299999999814       	 h =   0                     
                            #18371 ( 20 1 59 24 )	Evaluation OK	 f = -3188585.7299999999814       	 h =   0                     
                            #18372 ( 22 1 55 25 )	Evaluation OK	 f = -3188585.7299999999814       	 h =   0                     
                            #19631 ( 19 1.5 59 27 )	Evaluation OK	 f = -3188585.7299999999814       	 h =   0                     
... A total of 97 feasible solutions were found.

Best infeasible solution:   Undefined.

Blackbox evaluations:         200
Total model evaluations:      28431
Cache hits:                   33
Total number of evaluations:  233
(-3188585.73, [], [])

NOMAD results 
x_best = [18.48, 1.0, 60.0, 27.12]
f_best = -3188585.73
h_best = 0.0
nb_evals = 200
nb_iters = 0
run_flag = 0
stop_reason = Maximum number of blackbox evaluations (Eval Global) No more points to evaluate 

run the latest ...
