Optimization storage folder ./simulations/storage/OPT_nomad_Egg_CCS_const_4 created
before =  (30.0, 30.0, 20.0, 20.0)
after =  (30, 30, 20, 20)
BBE BBO
1 -1964100.6 1.68711785475413 
before =  (28.0, 34.0, 25.0, 15.0)
after =  (28, 34, 25, 15)
2 -2495405.22 1.4189221858978271  (Phase One)
before =  (22.0, 46.0, 40.0, 1.0)
after =  (22, 46, 40, 7)
3 -2458049.55 -0.8963944241404533  (Phase One)
before =  (4.0, 60.0, 60.0, 1.0)
after =  (11, 47, 48, 12)
4 -2496700.8 -0.9002989754080772 
5 -2496700.8 -0.9002989754080772 
before =  (1.0, 60.0, 60.0, 1.0)
after =  (11, 47, 48, 12)
before =  (21.0, 42.0, 35.0, 10.0)
after =  (21, 42, 34, 10)
6 -2424264.645 0.17026845614115402 
before =  (1.0, 60.0, 60.0, 3.0)
after =  (11, 47, 48, 12)
before =  (1.0, 55.0, 60.0, 1.0)
after =  (11, 47, 48, 12)
before =  (1.0, 60.0, 54.0, 1.0)
after =  (11, 47, 44, 8)
7 -2424264.645 0.17026845614115402 
8 -2424264.645 0.17026845614115402 
9 -2491351.995 -0.9002805724740028 
10 -2491351.995 -0.9002805724740028 
before =  (1.0, 50.0, 57.0, 5.0)
after =  (11, 47, 48, 12)
before =  (16.0, 60.0, 60.0, 1.0)
after =  (22, 51, 48, 12)
11 -2565719.475 -0.9002989567816257 
before =  (52.0, 60.0, 60.0, 1.0)
after =  (43, 41, 48, 12)
12 -2469824.28 1.1427138646443686 
13 -2469824.28 1.1427138646443686 
before =  (16.0, 60.0, 59.0, 1.0)
after =  (22, 51, 48, 12)
before =  (14.0, 52.0, 49.0, 2.0)
after =  (11, 47, 43, 7)
14 -2483769.09 -0.9002676084637642 
15 -2483769.09 -0.9002676084637642 
before =  (1.0, 60.0, 60.0, 2.0)
after =  (11, 47, 48, 12)
before =  (36.0, 60.0, 60.0, 1.0)
after =  (36, 46, 48, 12)
before =  (23.0, 55.0, 60.0, 6.0)
after =  (23, 51, 48, 12)
before =  (20.0, 50.0, 60.0, 1.0)
after =  (20, 48, 48, 12)
16 -2150182.155 1.1119282643000286 
17 -2520548.415 -0.9002988698581854 
18 -2665691.82 -0.9002989319463571 
before =  (32.0, 20.0, 60.0, 1.0)
after =  (32, 20, 48, 12)
19 -1921227.33 1.7253381411234536 
before =  (23.0, 50.0, 60.0, 1.0)
after =  (23, 50, 48, 12)
20 -2501098.05 -0.9002988201876482 
21 -2501098.05 -0.9002988201876482 
before =  (40.0, 58.0, 60.0, 1.0)
after =  (36, 46, 48, 12)
before =  (30.0, 56.0, 60.0, 1.0)
after =  (28, 48, 48, 12)
22 -2938910.7 -0.8977379935483137 
23 -2938910.7 -0.8977379935483137 
24 -2938910.7 -0.8977379935483137 
before =  (60.0, 60.0, 60.0, 1.0)
after =  (43, 41, 48, 12)
before =  (60.0, 60.0, 54.0, 6.0)
after =  (43, 41, 48, 12)
before =  (60.0, 58.0, 57.0, 1.0)
after =  (43, 41, 47, 11)
25 -2488819.905 0.8631203969319662 
26 -2488819.905 0.8631203969319662 
before =  (33.0, 56.0, 59.0, 4.0)
after =  (28, 48, 48, 12)
before =  (60.0, 51.0, 50.0, 1.0)
after =  (43, 41, 43, 7)
27 -2541162.36 0.35058859984080004 
28 -2541162.36 0.35058859984080004 
29 -2541162.36 0.35058859984080004 
30 -2541162.36 0.35058859984080004 
before =  (2.0, 47.0, 60.0, 1.0)
after =  (11, 47, 48, 12)
before =  (1.0, 60.0, 60.0, 4.0)
after =  (11, 47, 48, 12)
before =  (46.0, 60.0, 60.0, 1.0)
after =  (36, 46, 48, 12)
before =  (45.0, 49.0, 60.0, 1.0)
after =  (41, 42, 48, 12)
31 -2565711.885 0.7404627799987794 
before =  (60.0, 60.0, 40.0, 1.0)
after =  (43, 41, 40, 7)
32 -2517669.33 0.9670575857162477 
before =  (1.0, 54.0, 60.0, 1.0)
after =  (11, 47, 48, 12)
before =  (28.0, 60.0, 55.0, 1.0)
after =  (23, 51, 47, 11)
33 -2517669.33 0.9670575857162477 
34 -2509890.24 -0.9002984849115213 
35 -2509890.24 -0.9002984849115213 
36 -2509890.24 -0.9002984849115213 
before =  (23.0, 60.0, 60.0, 1.0)
after =  (23, 51, 48, 12)
before =  (29.0, 60.0, 60.0, 3.0)
after =  (23, 51, 48, 12)
before =  (33.0, 52.0, 60.0, 1.0)
after =  (30, 47, 48, 12)
37 -2892210.75 -0.5843503127495447 
before =  (32.0, 50.0, 54.0, 1.0)
after =  (30, 47, 44, 8)
38 -2895263.58 0.647466520468394 
39 -2895263.58 0.647466520468394 
40 -2895263.58 0.647466520468394 
before =  (60.0, 59.0, 57.0, 1.0)
after =  (43, 41, 47, 11)
before =  (34.0, 56.0, 59.0, 4.0)
after =  (30, 47, 48, 12)
before =  (49.0, 52.0, 60.0, 1.0)
after =  (43, 41, 48, 12)
before =  (38.0, 60.0, 60.0, 1.0)
after =  (36, 46, 48, 12)
before =  (37.0, 60.0, 58.0, 1.0)
after =  (36, 46, 47, 11)

BBE BBO
41 -2895263.58 0.647466520468394 
42 -2895263.58 0.647466520468394 
43 -2127134.46 1.1589078505833945 
44 -2127134.46 1.1589078505833945 
45 -2127134.46 1.1589078505833945 
46 -2127134.46 1.1589078505833945 
47 -2127134.46 1.1589078505833945 
before =  (23.0, 51.0, 60.0, 2.0)
after =  (23, 51, 48, 12)
before =  (25.0, 54.0, 60.0, 1.0)
after =  (23, 51, 48, 12)
before =  (44.0, 50.0, 60.0, 1.0)
after =  (41, 42, 48, 12)
before =  (1.0, 50.0, 54.0, 1.0)
after =  (11, 47, 44, 8)
before =  (47.0, 54.0, 58.0, 1.0)
after =  (41, 42, 47, 11)
48 -2579062.53 0.5392479300498964 
49 -2579062.53 0.5392479300498964 
50 -2579062.53 0.5392479300498964 
51 -2579062.53 0.5392479300498964 
52 -2579062.53 0.5392479300498964 
53 -2579062.53 0.5392479300498964 
54 -2579062.53 0.5392479300498964 
55 -2579062.53 0.5392479300498964 
56 -2579062.53 0.5392479300498964 
before =  (33.0, 59.0, 59.0, 2.0)
after =  (28, 48, 48, 12)
before =  (21.0, 53.0, 60.0, 1.0)
after =  (22, 51, 48, 12)
before =  (40.0, 51.0, 60.0, 1.0)
after =  (36, 46, 48, 12)
before =  (27.0, 58.0, 59.0, 1.0)
after =  (23, 51, 48, 12)
before =  (24.0, 51.0, 59.0, 1.21)
after =  (23, 51, 48, 12)
before =  (31.0, 56.0, 60.0, 1.0)
after =  (28, 48, 48, 12)
before =  (60.0, 57.0, 59.88, 4.02)
after =  (43, 41, 48, 12)
before =  (60.0, 57.0, 58.85, 4.11)
after =  (43, 41, 48, 12)
before =  (46.0, 54.0, 60.0, 1.5)
after =  (37, 45, 48, 12)
57 -2161214.385 1.135031819343567 
58 -2161214.385 1.135031819343567 
before =  (39.0, 56.0, 60.0, 1.38)
after =  (36, 46, 48, 12)
before =  (30.0, 56.0, 60.0, 1.2)
after =  (28, 48, 48, 12)
before =  (35.0, 56.0, 60.0, 1.0)
after =  (35, 46, 48, 12)
before =  (31.0, 54.0, 59.5, 1.04)
after =  (28, 48, 48, 12)
before =  (28.0, 54.0, 60.0, 1.0)
after =  (24, 50, 48, 12)
59 -2161214.385 1.135031819343567 
60 -2203978.095 1.092935641606649 
61 -2203978.095 1.092935641606649 
62 -2592355.755 -0.900298776725928 
63 -2592355.755 -0.900298776725928 
before =  (29.0, 58.0, 60.0, 1.0)
after =  (23, 51, 48, 12)
before =  (60.0, 52.0, 54.0, 1.0)
after =  (43, 41, 44, 8)
64 -2536979.94 0.22959186633427942 
65 -2536979.94 0.22959186633427942 
66 -2536979.94 0.22959186633427942 
67 -2536979.94 0.22959186633427942 
68 -2536979.94 0.22959186633427942 
69 -2536979.94 0.22959186633427942 
70 -2536979.94 0.22959186633427942 
71 -2536979.94 0.22959186633427942 
72 -2536979.94 0.22959186633427942 
73 -2536979.94 0.22959186633427942 
74 -2536979.94 0.22959186633427942 
75 -2536979.94 0.22959186633427942 
76 -2536979.94 0.22959186633427942 
77 -2536979.94 0.22959186633427942 
78 -2536979.94 0.22959186633427942 
79 -2536979.94 0.22959186633427942 
80 -2536979.94 0.22959186633427942 

BBE BBO
81 -2536979.94 0.22959186633427942 
82 -2536979.94 0.22959186633427942 
83 -2536979.94 0.22959186633427942 
84 -2536979.94 0.22959186633427942 
85 -2536979.94 0.22959186633427942 
86 -2536979.94 0.22959186633427942 
87 -2536979.94 0.22959186633427942 
88 -2536979.94 0.22959186633427942 
89 -2536979.94 0.22959186633427942 
90 -2536979.94 0.22959186633427942 
91 -2536979.94 0.22959186633427942 
92 -2536979.94 0.22959186633427942 
93 -2536979.94 0.22959186633427942 
94 -2536979.94 0.22959186633427942 
95 -2536979.94 0.22959186633427942 
before =  (26.0, 58.0, 60.0, 1.0)
after =  (23, 51, 48, 12)
before =  (25.0, 56.0, 60.0, 1.0)
after =  (23, 51, 48, 12)
before =  (30.0, 55.0, 59.99, 1.02)
after =  (28, 48, 48, 12)
before =  (32.0, 56.0, 60.0, 1.0)
after =  (28, 48, 48, 12)
before =  (30.0, 56.0, 59.8, 1.0)
after =  (28, 48, 48, 12)
before =  (28.0, 56.0, 59.94, 1.02)
after =  (23, 51, 48, 12)
before =  (60.0, 51.87, 54.00000000000112, 1.0)
after =  (43, 41, 47, 11)
before =  (60.0, 51.87, 54.0, 1.0)
after =  (43, 41, 44, 8)
before =  (31.0, 52.0, 59.75, 1.0)
after =  (28, 48, 48, 12)
before =  (31.0, 53.0, 59.81, 1.0)
after =  (28, 48, 48, 12)
before =  (31.0, 55.92, 59.93, 1.0)
after =  (28, 48, 48, 12)
before =  (29.0, 55.65, 59.9, 1.0)
after =  (24, 50, 48, 12)
before =  (30.0, 56.08, 60.0, 1.0)
after =  (28, 48, 48, 12)
before =  (30.0, 55.5, 60.0, 1.0071)
after =  (28, 48, 48, 12)
before =  (30.0, 56.36, 60.0, 1.0)
after =  (28, 48, 48, 12)
before =  (59.99, 51.87, 54.0, 1.0)
after =  (43, 41, 44, 8)
before =  (32.5, 55.5, 59.95500000000001, 1.0)
after =  (28, 48, 48, 12)
before =  (31.38, 55.63, 59.9513, 1.0)
after =  (28, 48, 48, 12)
before =  (30.03, 55.8, 60.0, 1.0)
after =  (28, 48, 48, 12)
before =  (30.5, 56.01, 59.9836, 1.0)
after =  (28, 48, 48, 12)
before =  (29.56, 55.99, 59.96, 1.0)
after =  (28, 48, 48, 12)
before =  (30.06, 55.99, 59.95, 1.014)
after =  (28, 48, 48, 12)
before =  (29.88, 56.01, 60.0, 1.0)
after =  (28, 48, 48, 12)
before =  (60.0, 60.0, 55.0, 3.0)
after =  (43, 41, 47, 11)
before =  (32.0, 56.06000000000001, 60.0, 1.0036)
after =  (28, 48, 48, 12)
before =  (31.25, 55.96, 60.0, 1.0027)
after =  (28, 48, 48, 12)
before =  (30.0, 55.9, 59.9984, 1.0004)
after =  (28, 48, 48, 12)
before =  (30.01, 55.99, 60.0, 1.0061)
after =  (28, 48, 48, 12)
before =  (30.2, 56.0, 59.999, 1.0003)
after =  (28, 48, 48, 12)
before =  (30.01, 55.99, 60.0, 1.0)
after =  (28, 48, 48, 12)
before =  (29.99, 56.01, 60.0, 1.0)
after =  (28, 48, 48, 12)
before =  (13.79, 59.50490000000001, 57.4268, 1.020375)
after =  (22, 51, 47, 11)
96 -2577174.93 -0.9002988201876482 
97 -2577174.93 -0.9002988201876482 
98 -2577174.93 -0.9002988201876482 
99 -2577174.93 -0.9002988201876482 
100 -2577174.93 -0.9002988201876482 
101 -2577174.93 -0.9002988201876482 
102 -2577174.93 -0.9002988201876482 
103 -2577174.93 -0.9002988201876482 
104 -2577174.93 -0.9002988201876482 
105 -2577174.93 -0.9002988201876482 
106 -2577174.93 -0.9002988201876482 
107 -2577174.93 -0.9002988201876482 
108 -2577174.93 -0.9002988201876482 
109 -2577174.93 -0.9002988201876482 
110 -2577174.93 -0.9002988201876482 
111 -2577174.93 -0.9002988201876482 
112 -2577174.93 -0.9002988201876482 
113 -2577174.93 -0.9002988201876482 
114 -2577174.93 -0.9002988201876482 
115 -2577174.93 -0.9002988201876482 
116 -2577174.93 -0.9002988201876482 
117 -2577174.93 -0.9002988201876482 
118 -2577174.93 -0.9002988201876482 
119 -2577174.93 -0.9002988201876482 
120 -2577174.93 -0.9002988201876482 

BBE BBO
121 -2577174.93 -0.9002988201876482 
122 -2577174.93 -0.9002988201876482 
123 -2577174.93 -0.9002988201876482 
124 -2577174.93 -0.9002988201876482 
125 -2577174.93 -0.9002988201876482 
126 -2577174.93 -0.9002988201876482 
127 -2577174.93 -0.9002988201876482 
128 -2577174.93 -0.9002988201876482 
129 -2577174.93 -0.9002988201876482 
130 -2577174.93 -0.9002988201876482 
131 -2577174.93 -0.9002988201876482 
132 -2577174.93 -0.9002988201876482 
133 -2577174.93 -0.9002988201876482 
134 -2577174.93 -0.9002988201876482 
135 -2577174.93 -0.9002988201876482 
136 -2577174.93 -0.9002988201876482 
137 -2577174.93 -0.9002988201876482 
138 -2577174.93 -0.9002988201876482 
139 -2577174.93 -0.9002988201876482 
140 -2577174.93 -0.9002988201876482 
141 -2577174.93 -0.9002988201876482 
142 -2577174.93 -0.9002988201876482 
143 -2577174.93 -0.9002988201876482 
144 -2577174.93 -0.9002988201876482 
145 -2577174.93 -0.9002988201876482 
146 -2577174.93 -0.9002988201876482 
147 -2577174.93 -0.9002988201876482 
148 -2577174.93 -0.9002988201876482 
149 -2577174.93 -0.9002988201876482 
150 -2577174.93 -0.9002988201876482 
151 -2577174.93 -0.9002988201876482 
152 -2577174.93 -0.9002988201876482 
153 -2577174.93 -0.9002988201876482 
154 -2577174.93 -0.9002988201876482 
155 -2577174.93 -0.9002988201876482 
156 -2577174.93 -0.9002988201876482 
157 -2577174.93 -0.9002988201876482 
158 -2577174.93 -0.9002988201876482 
159 -2577174.93 -0.9002988201876482 
160 -2577174.93 -0.9002988201876482 

BBE BBO
161 -2577174.93 -0.9002988201876482 
162 -2577174.93 -0.9002988201876482 
163 -2577174.93 -0.9002988201876482 
164 -2577174.93 -0.9002988201876482 
165 -2577174.93 -0.9002988201876482 
166 -2577174.93 -0.9002988201876482 
167 -2577174.93 -0.9002988201876482 
168 -2577174.93 -0.9002988201876482 
169 -2577174.93 -0.9002988201876482 
170 -2577174.93 -0.9002988201876482 
171 -2577174.93 -0.9002988201876482 
172 -2577174.93 -0.9002988201876482 
173 -2577174.93 -0.9002988201876482 
174 -2577174.93 -0.9002988201876482 
175 -2577174.93 -0.9002988201876482 
176 -2577174.93 -0.9002988201876482 
177 -2577174.93 -0.9002988201876482 
178 -2577174.93 -0.9002988201876482 
179 -2577174.93 -0.9002988201876482 
180 -2577174.93 -0.9002988201876482 
181 -2577174.93 -0.9002988201876482 
182 -2577174.93 -0.9002988201876482 
183 -2577174.93 -0.9002988201876482 
184 -2577174.93 -0.9002988201876482 
185 -2577174.93 -0.9002988201876482 
186 -2577174.93 -0.9002988201876482 
187 -2577174.93 -0.9002988201876482 
188 -2577174.93 -0.9002988201876482 
189 -2577174.93 -0.9002988201876482 
190 -2577174.93 -0.9002988201876482 
191 -2577174.93 -0.9002988201876482 
192 -2577174.93 -0.9002988201876482 
193 -2577174.93 -0.9002988201876482 
194 -2577174.93 -0.9002988201876482 
195 -2577174.93 -0.9002988201876482 
196 -2577174.93 -0.9002988201876482 
197 -2577174.93 -0.9002988201876482 
198 -2577174.93 -0.9002988201876482 
before =  (29.55, 55.925, 59.99139999999999, 1.007)
after =  (28, 48, 48, 12)
before =  (30.26, 55.9888, 59.98560000000001, 1.00175)
after =  (28, 48, 48, 12)
before =  (30.03, 55.9745, 60.0, 1.005)
after =  (28, 48, 48, 12)
before =  (29.98, 55.9776, 60.0, 1.0)
after =  (28, 48, 48, 12)
before =  (29.9, 56.0149, 60.0, 1.002009)
after =  (28, 48, 48, 12)
before =  (30.1, 55.9851, 59.9982, 1.0)
after =  (28, 48, 48, 12)
before =  (29.97, 56.0257, 60.0, 1.0)
after =  (28, 48, 48, 12)
before =  (16.0, 53.1598, 59.98560000000001, 1.007)
after =  (22, 51, 48, 12)
before =  (30.10000000000001, 56.01990000000001, 59.9919, 1.0)
after =  (28, 48, 48, 12)
before =  (30.08250000000001, 56.0086, 59.993925, 1.0)
after =  (28, 48, 48, 12)
before =  (29.9831, 56.02, 59.995371, 1.0)
after =  (28, 48, 48, 12)
before =  (30.0382, 56.02, 60.0, 1.001499)
after =  (28, 48, 48, 12)
before =  (29.9618, 55.98, 59.997338, 1.0)
after =  (28, 48, 48, 12)
before =  (29.9894, 55.9944, 59.997093, 1.002)
after =  (28, 48, 48, 12)
before =  (30.00030000000001, 55.9999, 60.0, 1.0)
after =  (28, 48, 48, 12)
before =  (29.905, 55.925, 60.0, 1.0025)
after =  (28, 48, 48, 12)
before =  (30.035, 56.0097, 59.9991, 1.003505)
after =  (28, 48, 48, 12)
before =  (30.0213, 56.0016, 59.999325, 1.002628)
after =  (28, 48, 48, 12)
before =  (29.98, 55.999, 60.0, 1.0)
after =  (28, 48, 48, 12)
before =  (29.9978, 55.9959, 59.998, 1.000023)
after =  (28, 48, 48, 12)
before =  (29.9968, 56.01, 59.999214, 1.000035)
after =  (28, 48, 48, 12)
before =  (29.9999, 56.0002, 59.999936, 1.0)
after =  (28, 48, 48, 12)
before =  (30.0255, 55.9949, 60.0, 1.0)
after =  (28, 48, 48, 12)
before =  (29.99, 55.99165, 59.99668550000001, 1.0007525)
after =  (28, 48, 48, 12)
before =  (29.9284, 55.99165, 59.9976855, 1.0)
after =  (28, 48, 48, 12)
before =  (29.9558, 55.9987375, 59.99826412500001, 1.0)
after =  (28, 48, 48, 12)
before =  (30.01, 55.998473, 59.999078, 1.0)
after =  (28, 48, 48, 12)
before =  (29.9974, 56.005, 59.999382, 1.0)
after =  (28, 48, 48, 12)
before =  (30.0001, 56.000023, 60.0, 1.0)
after =  (28, 48, 48, 12)
before =  (29.99, 56.001527, 60.0, 1.00000417)
after =  (28, 48, 48, 12)
before =  (30.0025, 55.994977, 60.0, 1.0)
after =  (28, 48, 48, 12)
before =  (30.0382, 56.00165, 59.9976855, 1.001314)
after =  (28, 48, 48, 12)
before =  (29.99225000000001, 55.9874, 59.99978599999999, 1.0)
after =  (28, 48, 48, 12)
before =  (29.99338750000001, 55.99305, 59.99964299999999, 1.0)
after =  (28, 48, 48, 12)
before =  (30.004359, 56.000252, 60.0, 1.0)
after =  (28, 48, 48, 12)
before =  (29.999528, 55.998, 60.0, 1.0)
after =  (28, 48, 48, 12)
before =  (29.995641, 55.999748, 59.9998554, 1.0002)
after =  (28, 48, 48, 12)
before =  (30.000472, 56.002, 59.99997222, 1.00003842)
after =  (28, 48, 48, 12)
before =  (30.00275, 55.9987, 59.999, 1.0)
after =  (28, 48, 48, 12)
before =  (30.01510000000001, 55.99775949999999, 59.99950699999999, 1.0)
after =  (28, 48, 48, 12)
before =  (30.00882500000001, 55.998701375, 59.99963025, 1.0)
after =  (28, 48, 48, 12)
before =  (30.002, 56.000125, 60.0, 1.0)
after =  (28, 48, 48, 12)
before =  (29.998, 55.999875, 59.99995028, 1.00001664)
after =  (28, 48, 48, 12)
before =  (30.000333, 56.001, 59.99983821, 1.00005416)
after =  (28, 48, 48, 12)
before =  (29.999667, 55.999, 60.0, 1.0)
after =  (28, 48, 48, 12)
before =  (30.00450900000001, 56.0003135, 60.0, 1.0)
after =  (28, 48, 48, 12)
before =  (30.00229200000001, 56.00017212500001, 60.0, 1.0)
after =  (28, 48, 48, 12)
before =  (30.001, 56.00016084, 59.99999479, 1.0000300789)
after =  (28, 48, 48, 12)
before =  (29.999, 55.99983916, 60.0, 1.0)
after =  (28, 48, 48, 12)
before =  (30.000352, 56.00039521, 60.0, 1.0)
after =  (28, 48, 48, 12)
before =  (29.999648, 55.99960479, 59.99999134, 1.00005)
after =  (28, 48, 48, 12)
before =  (30.00215000000001, 56.0001865, 60.0, 1.0)
after =  (28, 48, 48, 12)
before =  (30.00111250000001, 56.000108625, 60.0, 1.0)
after =  (28, 48, 48, 12)
before =  (30.0005, 55.99994607, 60.0, 1.0000094551)
after =  (28, 48, 48, 12)
before =  (29.9995, 56.00005393, 59.9999973361, 1.0)
after =  (28, 48, 48, 12)
before =  (29.99985219, 56.00013584, 60.0, 1.00002)
after =  (28, 48, 48, 12)
before =  (30.00014781, 55.99986416, 59.9999943652, 1.0)
after =  (28, 48, 48, 12)
before =  (29.99915000000001, 55.99990066, 59.99997320999999, 1.0)
after =  (28, 48, 48, 12)
before =  (29.99961250000001, 55.999965705, 59.999978605, 1.0)
after =  (28, 48, 48, 12)
before =  (29.99997195, 56.00009485, 60.0, 1.0)
after =  (28, 48, 48, 12)
before =  (30.00017935, 55.9999, 60.0, 1.0)
after =  (28, 48, 48, 12)
before =  (29.99983852, 55.99994936, 60.0, 1.0000053389)
after =  (28, 48, 48, 12)
before =  (30.00002805, 55.99990515, 59.9999819812, 1.00001)
after =  (28, 48, 48, 12)
before =  (29.99998213, 56.00015064, 60.0, 1.0)
after =  (28, 48, 48, 12)
before =  (29.99965000000001, 56.00011543, 59.999968, 1.0)
after =  (28, 48, 48, 12)
before =  (29.99986250000001, 56.00007309, 59.999976, 1.0)
after =  (28, 48, 48, 12)
before =  (29.99999535, 55.99995, 59.9999916151, 1.0)
after =  (28, 48, 48, 12)
before =  (29.9999, 55.9999736402, 60.0, 1.000000620998)
after =  (28, 48, 48, 12)
before =  (30.0001, 55.9999605938, 60.0, 1.0)
after =  (28, 48, 48, 12)
before =  (29.99998784, 56.0000047926, 60.0, 1.0)
after =  (28, 48, 48, 12)
before =  (30.00001681, 56.00011097340001, 60.0, 1.0)
after =  (28, 48, 48, 12)
before =  (29.99985625000001, 56.0000074, 59.999984, 1.000005)
after =  (28, 48, 48, 12)
before =  (30.00024585500001, 55.99998842999999, 60.0, 1.0)
after =  (28, 48, 48, 12)
before =  (30.00019140375001, 55.99996761, 60.0, 1.0)
after =  (28, 48, 48, 12)
before =  (30.00005, 55.9999986076, 59.999999874701, 1.000000049578)
after =  (28, 48, 48, 12)
before =  (29.99995, 56.0000013924, 60.0, 1.0)
after =  (28, 48, 48, 12)
before =  (30.000005887, 56.00002, 60.0, 1.0)
after =  (28, 48, 48, 12)
before =  (30.0000015732, 56.0000144109, 59.999995, 1.0)
after =  (28, 48, 48, 12)
before =  (29.9999925398, 55.9999655891, 60.0, 1.0)
after =  (28, 48, 48, 12)
before =  (30.00006926000001, 55.9999074, 59.999988, 1.000005)
after =  (28, 48, 48, 12)
before =  (29.99989767500001, 56.0000127263, 59.99999580754999, 1.000000310499)
after =  (28, 48, 48, 12)
before =  (29.99994825625, 55.999999693175, 59.99999685566249, 1.00000023287425)
after =  (28, 48, 48, 12)
before =  (30.00002, 56.0000003299, 60.0, 1.0)
after =  (28, 48, 48, 12)
before =  (29.99998, 55.9999996701, 59.99999992299, 1.000000028389)
after =  (28, 48, 48, 12)
before =  (29.9999991237, 55.9999952652, 60.0, 1.0)
after =  (28, 48, 48, 12)
before =  (29.9999989773, 56.00001, 59.999999673652, 1.0)
after =  (28, 48, 48, 12)
before =  (30.000001899, 55.9999947348, 60.0, 1.0)
after =  (28, 48, 48, 12)
before =  (29.99999234680001, 55.9999879854, 60.0, 1.000000024789)
after =  (28, 48, 48, 12)
before =  (29.9999946534, 55.99999459177501, 60.0, 1.00000001859175)
after =  (28, 48, 48, 12)
before =  (30.00001, 55.999996971047, 60.0, 1.0)
after =  (28, 48, 48, 12)
before =  (29.9999927088, 55.999997111239, 60.0, 1.0)
after =  (28, 48, 48, 12)
before =  (30.0000072912, 56.000002888761, 59.999999472946, 1.0000005)
after =  (28, 48, 48, 12)
before =  (29.9999964289, 55.999995, 60.0, 1.00000048709304)
after =  (28, 48, 48, 12)
before =  (29.9999935711, 56.000008028953, 60.0, 1.0)
after =  (28, 48, 48, 12)
before =  (29.9999949427, 55.9999923963, 60.0, 1.0000000141945)
after =  (28, 48, 48, 12)
before =  (29.99999595135, 55.999996797225, 60.0, 1.00000001064587)
after =  (28, 48, 48, 12)
before =  (30.000005, 55.99999990613, 60.0, 1.00000011740587)
after =  (28, 48, 48, 12)
before =  (29.999995, 56.00000009387, 59.99999981583902, 1.0)
after =  (28, 48, 48, 12)
before =  (30.000001853112, 56.000000159906, 60.0, 1.0)
after =  (28, 48, 48, 12)
before =  (29.999999805643, 56.000002, 60.0, 1.00000002097624)
after =  (28, 48, 48, 12)
before =  (29.999998341245, 55.999997840094, 60.0, 1.0)
after =  (28, 48, 48, 12)
before =  (29.99999892, 56.0000047926, 59.999999736473, 1.00000025)
after =  (28, 48, 48, 12)
before =  (29.99998351735, 55.9999944360265, 60.0, 1.0)
after =  (28, 48, 48, 12)199 -2577174.93 -0.9002988201876482 
200 -2577174.93 -0.9002988201876482 
A termination criterion is reached: Maximum number of blackbox evaluations (Eval Global) No more points to evaluate 200

Best feasible solutions:    #1932 ( 30 56 60 1 )	Evaluation OK	 f = -2938910.7000000001863       	 h =   0                     
                            #1934 ( 60 60 60 1 )	Evaluation OK	 f = -2938910.7000000001863       	 h =   0                     
                            #2371 ( 60 60 54 6 )	Evaluation OK	 f = -2938910.7000000001863       	 h =   0                     

Best infeasible solution:   Undefined.

Blackbox evaluations:         200
Total model evaluations:      32640
Cache hits:                   32
Total number of evaluations:  232

before =  (29.9999894608125, 55.99999654921012, 60.0, 1.0)
after =  (28, 48, 48, 12)

NOMAD results 
x_best = [30.0, 56.0, 60.0, 1.0]
f_best = -2938910.7
h_best = 0.0
nb_evals = 200
nb_iters = 0
run_flag = 0
stop_reason = Maximum number of blackbox evaluations (Eval Global) No more points to evaluate 

run the latest ...
