Optimization storage folder ./simulations/storage/OPT_nomad_Egg_CCS_const_3 created
before =  (20.0, 20.0, 30.0, 30.0)
after =  (20, 20, 30, 30)
BBE BBO
1 -2588469.015 1.2381774584452312 
before =  (18.0, 24.0, 35.0, 25.0)
after =  (18, 24, 35, 25)
before =  (23.0, 25.0, 29.0, 31.0)
after =  (23, 25, 29, 31)
before =  (24.0, 18.0, 35.0, 32.0)
after =  (24, 18, 35, 32)
2 -2344907.73 1.3627263307571411  (Phase One)
3 -2475644.16 1.8299123048782349  (Phase One)
4 -2799291.99 1.0482985178629558  (Phase One)
before =  (36.0, 12.0, 50.0, 38.0)
after =  (36, 12, 47, 35)
5 -2461207.155 1.1993941068649292  (Phase One)
before =  (30.0, 23.0, 31.0, 42.0)
after =  (30, 23, 31, 42)
before =  (29.0, 28.0, 38.0, 25.0)
after =  (29, 28, 38, 25)
before =  (20.0, 21.0, 45.0, 37.0)
after =  (20, 21, 45, 37)
6 -1892455.785 1.4173406759897869  (Phase One)
7 -1678815.6 1.7366340160369873  (Phase One)
8 -2849146.74 -0.6220143387715021  (Phase One)
before =  (8.0, 30.0, 60.0, 52.0)
after =  (11, 28, 43, 41)
9 -2620996.62 -0.05627210934956865 
before =  (10.0, 23.0, 56.0, 41.0)
after =  (11, 25, 47, 35)
10 -2554065.03 -0.6646822988986969 
before =  (20.0, 24.0, 36.0, 34.0)
after =  (20, 24, 36, 34)
11 -2737923.54 0.9750791788101197 
before =  (18.0, 21.0, 43.0, 42.0)
after =  (18, 21, 43, 41)
before =  (20.0, 26.0, 45.0, 37.0)
after =  (20, 26, 45, 37)
before =  (18.0, 21.0, 50.0, 38.0)
after =  (18, 21, 47, 35)
before =  (25.0, 21.0, 46.0, 39.0)
after =  (25, 21, 45, 38)
12 -2620319.79 -0.5932872841755549 
13 -2783709.06 -0.029850264390309616 
14 -2627221.74 -0.6764820317427317 
15 -2906374.35 0.9972507158915203 
before =  (15.0, 21.0, 44.0, 35.0)
after =  (15, 21, 44, 35)
16 -2645240.895 -0.09223169088363645 
before =  (29.0, 15.0, 32.0, 22.0)
after =  (29, 15, 32, 22)
17 -1780984.92 1.7953126033147175 
before =  (13.0, 26.0, 53.0, 44.0)
after =  (13, 26, 45, 38)
18 -2621807.76 -0.24539744853973386 
before =  (24.0, 19.0, 39.0, 30.0)
after =  (24, 19, 39, 30)
19 -2803911.33 0.9183073441187541 
before =  (16.0, 24.0, 50.0, 40.0)
after =  (16, 24, 45, 38)
20 -2596250.085 -0.3839874863624573 
before =  (20.0, 23.0, 46.0, 38.0)
after =  (19, 23, 45, 38)
before =  (19.0, 19.0, 47.0, 38.0)
after =  (19, 19, 45, 38)
before =  (21.0, 22.0, 47.0, 35.0)
after =  (21, 22, 47, 35)
21 -2744865.915 -0.6261027952035269 
22 -2807957.79 -0.8794461910923322 
23 -2874781.47 -0.05732979377110796 
before =  (24.0, 25.0, 53.0, 29.0)
after =  (24, 25, 48, 29)
24 -2815907.49 0.9010333220163982 
before =  (20.0, 26.0, 48.0, 35.0)
after =  (20, 26, 47, 35)
before =  (21.0, 19.0, 45.0, 35.0)
after =  (21, 19, 45, 35)
25 -2797682.91 -0.3615604440371195 
26 -2929961.43 -0.3875633180141449 
before =  (21.0, 10.0, 39.0, 35.0)
after =  (22, 10, 39, 35)
27 -3146505.45 0.47237827380498254 
before =  (16.0, 19.0, 45.0, 40.0)
after =  (16, 19, 44, 39)
before =  (21.0, 23.0, 45.0, 36.0)
after =  (21, 23, 45, 36)
28 -2514736.95 -0.6997459232807159 
29 -2900325.12 0.3199962178866069 
before =  (21.0, 15.0, 44.0, 38.0)
after =  (21, 16, 44, 38)
30 -3015584.22 -0.5870117843151093 
before =  (21.0, 9.0, 42.0, 39.0)
after =  (22, 10, 42, 39)
31 -3168703.23 -0.6206555515527725 
before =  (23.0, 17.0, 43.0, 35.0)
after =  (23, 17, 43, 35)
32 -3066060.03 0.5431529283523561 
before =  (20.0, 18.0, 46.0, 37.0)
after =  (20, 18, 45, 37)
33 -2900686.8 -0.8235719899336497 
before =  (22.0, 13.0, 45.0, 36.0)
after =  (22, 13, 45, 36)
34 -3113250.69 -0.5629952351252238 
35 -3113250.69 -0.5629952351252238 
before =  (21.0, 8.0, 42.0, 39.0)
after =  (22, 10, 42, 39)
before =  (23.0, 7.0, 41.0, 38.0)
after =  (24, 9, 41, 38)
36 -3164081.91 0.14564716815948492 
before =  (21.0, 15.0, 45.0, 37.0)
after =  (21, 16, 45, 37)
37 -3022691.76 -0.6832121908664703 
before =  (22.0, 4.0, 42.0, 41.0)
after =  (25, 8, 42, 41)
38 -3173901.72 -0.1111935178438822 
before =  (22.0, 1.0, 41.0, 43.0)
after =  (25, 8, 41, 42)
39 -3172368.87 0.02528760830561324 
before =  (22.0, 2.0, 41.0, 41.0)
after =  (25, 8, 41, 41)
40 -3172754.64 0.035813788572947224 
before =  (21.0, 12.0, 44.0, 38.0)
after =  (22, 12, 44, 38)

BBE BBO
41 -3126813.03 -0.5303299029668173 
before =  (22.0, 11.0, 45.0, 38.0)
after =  (22, 10, 45, 38)
42 -3161356.77 -0.8189220701654752 
before =  (21.0, 5.0, 42.0, 42.0)
after =  (24, 9, 41, 42)
43 -3169310.1 -0.10495698451995847 
44 -3169310.1 -0.10495698451995847 
before =  (22.0, 3.0, 42.0, 42.0)
after =  (25, 8, 41, 42)
before =  (21.0, 1.0, 39.0, 44.0)
after =  (25, 8, 37, 44)
45 -3149856.6 0.46319071451822924 
before =  (22.0, 8.0, 44.0, 40.0)
after =  (22, 10, 43, 40)
46 -3158991.33 -0.7593681762615839 
47 -3158991.33 -0.7593681762615839 
before =  (25.0, 1.0, 42.0, 47.0)
after =  (25, 8, 41, 42)
before =  (25.0, 3.0, 50.0, 47.0)
after =  (25, 8, 43, 41)
48 -3175535.55 -0.21362365285555518 
before =  (34.0, 1.0, 60.0, 60.0)
after =  (31, 5, 43, 41)
49 -2433836.295 1.0941585302352905 
before =  (21.0, 7.0, 48.0, 42.0)
after =  (22, 10, 44, 39)
before =  (25.0, 23.0, 42.0, 47.0)
after =  (25, 23, 41, 42)
50 -3160875.96 -0.7856716563304266 
51 -2760931.47 1.1487945318222046 
52 -2760931.47 1.1487945318222046 
before =  (24.0, 1.0, 46.0, 47.0)
after =  (25, 8, 43, 41)
before =  (22.0, 6.0, 43.0, 41.0)
after =  (24, 9, 43, 41)
53 -3165833.88 -0.3752374748388926 
before =  (40.0, 23.0, 47.0, 56.0)
after =  (40, 23, 36, 46)
before =  (10.0, 1.0, 53.0, 38.0)
after =  (16, 11, 47, 35)
before =  (33.0, 1.0, 43.0, 60.0)
after =  (31, 5, 36, 46)
before =  (17.0, 19.0, 57.0, 27.0)
after =  (17, 19, 48, 27)
54 -2425744.695 1.400296926498413 
55 -2524655.265 -0.900296243528525 
56 -2380794.9 1.3983808358510337 
57 -2581129.98 -0.6568694710731506 
58 -2581129.98 -0.6568694710731506 
before =  (25.0, 2.0, 50.0, 47.0)
after =  (25, 8, 43, 41)
before =  (18.0, 4.0, 44.0, 27.0)
after =  (22, 10, 44, 27)
59 -3186030.87 0.5553643306096395 
before =  (30.0, 8.0, 42.0, 37.0)
after =  (30, 8, 42, 37)
before =  (19.0, 13.0, 60.0, 41.0)
after =  (17, 15, 47, 35)
before =  (35.0, 1.0, 59.0, 42.0)
after =  (31, 5, 47, 35)
before =  (15.0, 9.0, 41.0, 52.0)
after =  (16, 11, 36, 46)
60 -2438074.98 1.3108925422032676 
61 -2616013.62 -0.8987349991997083 
62 -2420486.145 0.9334755341211955 
63 -2532157.32 -0.8553792883952459 
64 -2532157.32 -0.8553792883952459 
65 -2532157.32 -0.8553792883952459 
66 -2532157.32 -0.8553792883952459 
67 -2532157.32 -0.8553792883952459 
68 -2532157.32 -0.8553792883952459 
69 -2532157.32 -0.8553792883952459 
before =  (25.0, 1.0, 50.0, 47.0)
after =  (25, 8, 43, 41)
before =  (17.0, 1.0, 60.0, 38.0)
after =  (16, 11, 47, 35)
before =  (25.0, 3.0, 45.0, 47.0)
after =  (25, 8, 43, 41)
before =  (20.0, 3.0, 50.0, 46.0)
after =  (25, 8, 43, 41)
before =  (24.0, 1.0, 50.0, 48.0)
after =  (25, 8, 43, 41)
before =  (26.0, 8.0, 50.0, 46.0)
after =  (25, 8, 43, 41)
before =  (29.0, 5.0, 55.0, 47.0)
after =  (30, 6, 43, 41)
70 -2520795.42 1.061652739842733 
before =  (26.0, 6.0, 50.0, 39.0)
after =  (25, 8, 46, 36)
71 -3170575.65 -0.5378373066584269 
before =  (25.0, 6.0, 50.0, 43.0)
after =  (25, 8, 45, 38)
72 -3164577.24 -0.4015452265739441 
73 -3164577.24 -0.4015452265739441 
74 -3164577.24 -0.4015452265739441 
75 -3164577.24 -0.4015452265739441 
76 -3164577.24 -0.4015452265739441 
77 -3164577.24 -0.4015452265739441 
before =  (23.0, 4.0, 44.0, 42.0)
after =  (25, 8, 43, 41)
before =  (24.0, 1.0, 48.0, 46.0)
after =  (25, 8, 43, 41)
before =  (26.0, 3.0, 50.0, 45.0)
after =  (30, 6, 43, 41)
before =  (27.0, 4.0, 48.0, 48.0)
after =  (30, 6, 43, 41)
before =  (27.0, 1.0, 51.0, 48.0)
after =  (31, 5, 43, 41)
before =  (27.0, 9.0, 47.0, 39.0)
after =  (27, 9, 45, 38)
78 -2924136.93 0.4510632554690044 
79 -2924136.93 0.4510632554690044 
80 -2924136.93 0.4510632554690044 

BBE BBO
81 -2924136.93 0.4510632554690044 
82 -2924136.93 0.4510632554690044 
83 -2924136.93 0.4510632554690044 
84 -2924136.93 0.4510632554690044 
85 -2924136.93 0.4510632554690044 
86 -2924136.93 0.4510632554690044 
87 -2924136.93 0.4510632554690044 
88 -2924136.93 0.4510632554690044 
89 -2924136.93 0.4510632554690044 
90 -2924136.93 0.4510632554690044 
before =  (26.0, 3.0, 49.0, 46.0)
after =  (30, 6, 43, 41)
before =  (26.0, 4.0, 50.0, 47.0)
after =  (25, 8, 43, 41)
before =  (25.0, 2.0, 49.0, 48.0)
after =  (25, 8, 43, 41)
before =  (25.0, 4.0, 49.0, 48.0)
after =  (25, 8, 43, 41)
before =  (27.0, 1.0, 44.70000000000001, 44.92)
after =  (31, 5, 43, 41)
before =  (23.5, 1.5, 51.5, 44.0)
after =  (25, 8, 45, 38)
before =  (26.13, 3.38, 48.88, 47.0)
after =  (30, 6, 43, 41)
before =  (25.5, 3.06, 50.18, 46.79)
after =  (25, 8, 43, 41)
before =  (25.21, 2.83, 49.5, 47.03)
after =  (25, 8, 43, 41)
before =  (24.83, 3.14, 49.84, 46.5)
after =  (25, 8, 43, 41)
before =  (25.06, 3.5, 49.86, 47.17)
after =  (25, 8, 43, 41)
before =  (24.99, 2.99, 50.01, 47.01)
after =  (25, 8, 43, 41)
before =  (15.0, 14.44, 54.66, 36.0)
after =  (15, 14, 47, 35)
91 -2555870.625 -0.8997317440807819 
92 -2555870.625 -0.8997317440807819 
93 -2555870.625 -0.8997317440807819 
94 -2555870.625 -0.8997317440807819 
95 -2555870.625 -0.8997317440807819 
96 -2555870.625 -0.8997317440807819 
97 -2555870.625 -0.8997317440807819 
98 -2555870.625 -0.8997317440807819 
99 -2555870.625 -0.8997317440807819 
100 -2555870.625 -0.8997317440807819 
101 -2555870.625 -0.8997317440807819 
102 -2555870.625 -0.8997317440807819 
103 -2555870.625 -0.8997317440807819 
104 -2555870.625 -0.8997317440807819 
105 -2555870.625 -0.8997317440807819 
106 -2555870.625 -0.8997317440807819 
107 -2555870.625 -0.8997317440807819 
108 -2555870.625 -0.8997317440807819 
109 -2555870.625 -0.8997317440807819 
110 -2555870.625 -0.8997317440807819 
111 -2555870.625 -0.8997317440807819 
112 -2555870.625 -0.8997317440807819 
113 -2555870.625 -0.8997317440807819 
114 -2555870.625 -0.8997317440807819 
115 -2555870.625 -0.8997317440807819 
116 -2555870.625 -0.8997317440807819 
117 -2555870.625 -0.8997317440807819 
118 -2555870.625 -0.8997317440807819 
119 -2555870.625 -0.8997317440807819 
120 -2555870.625 -0.8997317440807819 

BBE BBO
121 -2555870.625 -0.8997317440807819 
122 -2555870.625 -0.8997317440807819 
123 -2555870.625 -0.8997317440807819 
124 -2555870.625 -0.8997317440807819 
125 -2555870.625 -0.8997317440807819 
126 -2555870.625 -0.8997317440807819 
127 -2555870.625 -0.8997317440807819 
128 -2555870.625 -0.8997317440807819 
129 -2555870.625 -0.8997317440807819 
130 -2555870.625 -0.8997317440807819 
131 -2555870.625 -0.8997317440807819 
132 -2555870.625 -0.8997317440807819 
133 -2555870.625 -0.8997317440807819 
134 -2555870.625 -0.8997317440807819 
135 -2555870.625 -0.8997317440807819 
136 -2555870.625 -0.8997317440807819 
137 -2555870.625 -0.8997317440807819 
138 -2555870.625 -0.8997317440807819 
139 -2555870.625 -0.8997317440807819 
140 -2555870.625 -0.8997317440807819 
141 -2555870.625 -0.8997317440807819 
142 -2555870.625 -0.8997317440807819 
143 -2555870.625 -0.8997317440807819 
144 -2555870.625 -0.8997317440807819 
145 -2555870.625 -0.8997317440807819 
146 -2555870.625 -0.8997317440807819 
147 -2555870.625 -0.8997317440807819 
148 -2555870.625 -0.8997317440807819 
149 -2555870.625 -0.8997317440807819 
150 -2555870.625 -0.8997317440807819 
151 -2555870.625 -0.8997317440807819 
152 -2555870.625 -0.8997317440807819 
153 -2555870.625 -0.8997317440807819 
154 -2555870.625 -0.8997317440807819 
155 -2555870.625 -0.8997317440807819 
156 -2555870.625 -0.8997317440807819 
157 -2555870.625 -0.8997317440807819 
158 -2555870.625 -0.8997317440807819 
159 -2555870.625 -0.8997317440807819 
160 -2555870.625 -0.8997317440807819 

BBE BBO
161 -2555870.625 -0.8997317440807819 
162 -2555870.625 -0.8997317440807819 
163 -2555870.625 -0.8997317440807819 
164 -2555870.625 -0.8997317440807819 
165 -2555870.625 -0.8997317440807819 
166 -2555870.625 -0.8997317440807819 
167 -2555870.625 -0.8997317440807819 
168 -2555870.625 -0.8997317440807819 
169 -2555870.625 -0.8997317440807819 
170 -2555870.625 -0.8997317440807819 
171 -2555870.625 -0.8997317440807819 
172 -2555870.625 -0.8997317440807819 
173 -2555870.625 -0.8997317440807819 
174 -2555870.625 -0.8997317440807819 
175 -2555870.625 -0.8997317440807819 
176 -2555870.625 -0.8997317440807819 
177 -2555870.625 -0.8997317440807819 
178 -2555870.625 -0.8997317440807819 
179 -2555870.625 -0.8997317440807819 
180 -2555870.625 -0.8997317440807819 
181 -2555870.625 -0.8997317440807819 
182 -2555870.625 -0.8997317440807819 
183 -2555870.625 -0.8997317440807819 
184 -2555870.625 -0.8997317440807819 
185 -2555870.625 -0.8997317440807819 
186 -2555870.625 -0.8997317440807819 
187 -2555870.625 -0.8997317440807819 
188 -2555870.625 -0.8997317440807819 
189 -2555870.625 -0.8997317440807819 
190 -2555870.625 -0.8997317440807819 
191 -2555870.625 -0.8997317440807819 
192 -2555870.625 -0.8997317440807819 
193 -2555870.625 -0.8997317440807819 
before =  (26.0, 2.0, 50.5, 45.5)
after =  (30, 6, 43, 41)
before =  (25.25, 3.5, 49.38, 47.38)
after =  (25, 8, 43, 41)
before =  (25.2, 2.84, 49.89, 47.01)
after =  (25, 8, 43, 41)
before =  (24.99, 2.99, 49.99, 46.8)
after =  (25, 8, 43, 41)
before =  (25.1, 3.2, 49.89, 46.99)
after =  (25, 8, 43, 41)
before =  (25.14, 3.04, 50.2, 46.98)
after =  (25, 8, 43, 41)
before =  (24.86, 2.96, 49.8, 47.02)
after =  (25, 8, 43, 41)
before =  (26.99, 1.0, 48.35, 48.0)
after =  (31, 5, 43, 41)
before =  (25.2, 2.99, 49.85, 47.2)
after =  (25, 8, 43, 41)
before =  (25.17, 3.04, 49.86, 47.14)
after =  (25, 8, 43, 41)
before =  (24.9, 2.94, 50.04, 47.01)
after =  (25, 8, 43, 41)
before =  (25.07, 2.97, 50.1, 47.04)
after =  (25, 8, 43, 41)
before =  (24.96, 3.1, 50.07, 46.98)
after =  (25, 8, 43, 41)
before =  (24.99, 3.03, 49.98, 47.1)
after =  (25, 8, 43, 41)
before =  (25.03, 2.92, 49.94, 47.01)
after =  (25, 8, 43, 41)
before =  (25.9978, 2.1893, 50.3903, 45.77)
after =  (30, 6, 43, 41)
before =  (25.23, 3.05, 50.00000000000001, 47.19)
after =  (25, 8, 43, 41)
before =  (25.17, 3.035, 49.9975, 47.0925)
after =  (25, 8, 43, 41)
before =  (25.05, 2.9855, 50.0125, 47.0022)
after =  (25, 8, 43, 41)
before =  (24.9857, 2.9951, 50.05, 47.0089)
after =  (25, 8, 43, 41)
before =  (25.0124, 3.05, 50.0098, 46.9923)
after =  (25, 8, 43, 41)
before =  (24.9979, 2.9914, 50.0075, 46.95)
after =  (25, 8, 43, 41)
before =  (24.954, 2.978, 49.9202, 47.0466)
after =  (25, 8, 43, 41)
before =  (24.97500000000001, 2.975, 50.12499999999999, 46.91499999999998)
after =  (25, 8, 43, 41)
before =  (24.9788, 2.9888, 50.0888, 46.9613)
after =  (25, 8, 43, 41)
before =  (25.0164, 2.995, 50.0083, 47.02)
after =  (25, 8, 43, 41)
before =  (24.9961, 3.02, 50.0029, 47.007)
after =  (25, 8, 43, 41)
before =  (25.0077, 3.0034, 50.02, 46.9862)
after =  (25, 8, 43, 41)
before =  (25.02, 3.0088, 49.9852, 46.9919)
after =  (25, 8, 43, 41)
before =  (24.9598, 2.9728, 49.9836, 46.9949)
after =  (25, 8, 43, 41)
before =  (25.0205, 2.9003, 49.9915, 47.0183)
after =  (25, 8, 43, 41)
before =  (25.0184, 2.9377, 49.996, 47.0118)
after =  (25, 8, 43, 41)
before =  (24.99, 3.004, 50.0023, 47.0038)
after =  (25, 8, 43, 41)
before =  (25.0037, 3.01, 49.9996, 46.9994)
after =  (25, 8, 43, 41)
before =  (25.002, 2.9996, 50.01, 46.9996)
after =  (25, 8, 43, 41)
before =  (25.0034, 2.9994, 49.9996, 47.01)
after =  (25, 8, 43, 41)
before =  (25.00090000000001, 2.987, 49.9885, 46.9872)
after =  (25, 8, 43, 41)
before =  (24.9901, 3.0004, 50.03039999999999, 47.0147)
after =  (25, 8, 43, 41)
before =  (24.997575, 3.0025, 50.01909999999999, 47.009)
after =  (25, 8, 43, 41)
before =  (25.005, 3.002775, 49.999394, 46.998376)
after =  (25, 8, 43, 41)
before =  (25.003003, 2.997924, 50.001866, 47.005)
after =  (25, 8, 43, 41)
before =  (24.998242, 3.005, 49.998908, 47.003539)
after =  (25, 8, 43, 41)
before =  (24.999459, 3.00154, 50.005, 46.999099)
after =  (25, 8, 43, 41)
before =  (24.994296, 2.992761, 49.994832, 46.99398599999999)
after =  (25, 8, 43, 41)
before =  (24.995, 3.0035, 49.9978, 46.99310000000001)
after =  (25, 8, 43, 41)
before =  (24.99445, 3.0074, 50.00634999999998, 46.99139999999999)
after =  (25, 8, 43, 41)
before =  (24.9966875, 3.0054, 50.00466249999999, 46.99605)
after =  (25, 8, 43, 41)
before =  (24.999689, 2.998686, 50.002, 47.000637)
after =  (25, 8, 43, 41)
before =  (24.998602, 3.002, 50.000996, 47.000317)
after =  (25, 8, 43, 41)
before =  (25.002, 3.000936, 50.00107, 46.999546)
after =  (25, 8, 43, 41)
before =  (25.000542, 3.000254, 49.999614, 47.002)
after =  (25, 8, 43, 41)
before =  (24.999167, 2.998124, 49.99632, 46.9975)
after =  (25, 8, 43, 41)
before =  (25.005489, 2.99612, 50.004222, 46.9976985)
after =  (25, 8, 43, 41)
before =  (25.00367725000001, 2.99834, 50.0028935, 46.999158625)
after =  (25, 8, 43, 41)
before =  (25.001, 3.000304, 50.000802, 47.000415)
after =  (25, 8, 43, 41)
before =  (25.000267, 3.001, 49.999438, 46.999709)
after =  (25, 8, 43, 41)
before =  (25.000919, 2.999267, 49.999651, 46.999)
after =  (25, 8, 43, 41)
before =  (24.999553, 3.000357, 50.00094, 46.999)
after =  (25, 8, 43, 41)
before =  (24.998261, 2.999072, 49.999169, 47.001876)
after =  (25, 8, 43, 41)
before =  (24.99960350000001, 3.000557, 50.002419, 46.99825000000001)
after =  (25, 8, 43, 41)
before =  (24.99983812500001, 3.00048125, 50.00171775, 46.99918750000001)
after =  (25, 8, 43, 41)
before =  (25.00011491, 3.0005, 49.99992114, 46.99994146)
after =  (25, 8, 43, 41)
before =  (25.0005, 2.99990275, 50.00030104, 46.99974527)
after =  (25, 8, 43, 41)
before =  (25.00040781, 2.99992068, 49.99972013, 47.0005)
after =  (25, 8, 43, 41)
before =  (24.99991562, 3.00014171, 50.0005, 47.00037117)
after =  (25, 8, 43, 41)
before =  (24.99906166, 2.99953486, 49.99955769, 46.9994421)
after =  (25, 8, 43, 41)
before =  (25.00154000000001, 2.9999285, 49.9990055, 47.000562)
after =  (25, 8, 43, 41)
before =  (25.00104325, 3.000035625, 49.999489125, 47.00017149999999)
after =  (25, 8, 43, 41)
before =  (24.99991139, 3.0002, 49.99980395, 46.99994382)
after =  (25, 8, 43, 41)
before =  (25.0002, 3.00019589, 50.00010114, 47.00002898)
after =  (25, 8, 43, 41)
before =  (24.99980388, 3.00010118, 50.0002, 46.99997158)
after =  (25, 8, 43, 41)
before =  (24.99996138, 3.00001992, 49.99998047, 47.0002)
after =  (25, 8, 43, 41)
before =  (25.00012335, 2.99948301, 49.99991444, 46.99985562)
after =  (25, 8, 43, 41)
before =  (24.99985745500001, 3.00035155, 50.00064096000001, 46.99952895)
after =  (25, 8, 43, 41)
before =  (24.99999504375001, 3.0002438325, 50.00041075250001, 46.9997717125)
after =  (25, 8, 43, 41)
before =  (25.0001, 3.00002809, 50.00003269, 46.99997757)
after =  (25, 8, 43, 41)
before =  (25.0000398, 2.9999, 50.00001896, 47.00007985)
after =  (25, 8, 43, 41)
before =  (25.0000342, 3.00004944, 49.9999, 47.00006861)
after =  (25, 8, 43, 41)
before =  (24.9999661, 3.00008516, 50.00009912, 47.0001)
after =  (25, 8, 43, 41)
before =  (24.9998599, 2.99993731, 49.99994923000001, 46.99977397)
after =  (25, 8, 43, 41)
before =  (24.99999625500001, 3.000228615, 50.00007207500001, 46.99977218999999)
after =  (25, 8, 43, 41)
before =  (24.99998753625001, 3.00017644125, 50.00004917375, 46.99987914249999)
after =  (25, 8, 43, 41)
before =  (25.00005, 3.0000021064, 49.9999952282, 47.0000030932)
after =  (25, 8, 43, 41)
before =  (25.000002753, 3.00005, 50.0000358533, 46.9999767592)
after =  (25, 8, 43, 41)
before =  (24.9999940771, 3.0000340497, 49.999985381, 47.00005)
after =  (25, 8, 43, 41)
before =  (25.0000038393, 2.9999779283, 50.00005, 47.0000301045)
after =  (25, 8, 43, 41)
before =  (24.9999493306, 2.9999359156, 49.9999335375, 46.9999400431)
after =  (25, 8, 43, 41)
before =  (25.0001209, 2.999903605, 49.99987670499999, 46.99996301499999)
after =  (25, 8, 43, 41)
before =  (25.0000822, 2.99994899375, 49.99993230874999, 46.99999726124999)
after =  (25, 8, 43, 41)
before =  (25.00002, 3.0000040672, 50.0000033288, 47.0000018372)
after =  (25, 8, 43, 41)
before =  (25.0000045692, 2.9999988863, 49.99998, 46.9999889619)
after =  (25, 8, 43, 41)
before =  (25.0000037397, 2.99998, 50.000006954, 46.999990966)
after =  (25, 8, 43, 41)
before =  (25.0000022511, 2.9999879609, 49.9999901467, 47.00002)
after =  (25, 8, 43, 41)
before =  (24.99996944, 3.0000290856, 50.0000195705, 46.9999982349)
after =  (25, 8, 43, 41)
before =  (24.9999493306, 2.99999258, 50.0000879125, 47.00002002155)
after =  (25, 8, 43, 41)
before =  (25.00001957575, 3.00006514975, 49.99995823125001, 46.99998482170001)
after =  (25, 8, 43, 41)
before =  (25.00001564163751, 3.0000433443875, 49.9999811734375, 46.99999614240001)
after =  (25, 8, 43, 41)
before =  (25.00001, 3.0000018237, 50.0000038515, 47.000001085)
after =  (25, 8, 43, 41)
before =  (25.0000023995, 3.0000096381, 49.99999, 46.9999971829)
after =  (25, 8, 43, 41)
before =  (25.0000050675, 2.99999, 49.9999932539, 46.9999940505)
after =  (25, 8, 43, 41)
before =  (25.0000011243, 2.9999977813, 49.9999953142, 47.00001)
after =  (25, 8, 43, 41)
before =  (24.9999814087, 3.0000007569, 50.00001758040001, 46.99999768159999)
after =  (25, 8, 43, 41)
before =  194 -2555870.625 -0.8997317440807819 
195 -2555870.625 -0.8997317440807819 
196 -2555870.625 -0.8997317440807819 
197 -2555870.625 -0.8997317440807819 
198 -2555870.625 -0.8997317440807819 
199 -2555870.625 -0.8997317440807819 
200 -2555870.625 -0.8997317440807819 
A termination criterion is reached: Maximum number of blackbox evaluations (Eval Global) No more points to evaluate 200

Best feasible solution:     #3674 ( 25 3 50 47 )	Evaluation OK	 f = -3175535.5499999998137       	 h =   0                     

Best infeasible solution:   Undefined.

Blackbox evaluations:         200
Total model evaluations:      30817
Cache hits:                   28
Total number of evaluations:  228
(25.00001190335, 3.00000351585, 50.00000499470001, 46.99997088255001)
after =  (25, 8, 43, 41)
before =  (25.0000094902875, 2.9999996271125, 50.0000012827, 46.99998316191251)
after =  (25, 8, 43, 41)
before =  (25.000005, 3.000000001301, 50.000000887102, 47.000000402371)
after =  (25, 8, 43, 41)
before =  (25.000000001277, 3.000005, 49.999999987952, 46.999999994535)
after =  (25, 8, 43, 41)
before =  (25.000001168097, 2.999999983838, 49.99999568414, 46.999995)
after =  (25, 8, 43, 41)
before =  (25.000000529825, 2.999999992669, 49.999995, 47.000004439661)
after =  (25, 8, 43, 41)
before =  (24.999993300801, 2.999995022192, 50.000008440806, 47.000000163433)
after =  (25, 8, 43, 41)

NOMAD results 
x_best = [25.0, 3.0, 50.0, 47.0]
f_best = -3175535.55
h_best = 0.0
nb_evals = 200
nb_iters = 0
run_flag = 0
stop_reason = Maximum number of blackbox evaluations (Eval Global) No more points to evaluate 

run the latest ...
