Optimization storage folder ./simulations/storage/OPT_nomad_Egg_CCS_2 created
BBE BBO
1 -1896414.3 
(-1896414.3, [], [])
2 -2003229.855 
(-2003229.855, [], [])
3 -2493422.58 
(-2493422.58, [], [])
4 -2496700.8 
(-2496700.8, [], [])
5 -2143451.97 
(-2143451.97, [], [])
(-2496700.8, [], [])
(-2496700.8, [], [])
6 -2496700.8 
7 -2496700.8 
8 -2524490.1 
(-2524490.1, [], [])
9 -2506084.845 
(-2506084.845, [], [])
10 -2579203.44 
(-2579203.44, [], [])
11 -2219160.57 
(-2219160.57, [], [])
12 -2559333.975 
(-2559333.975, [], [])
13 -3167131.77 
(-3167131.77, [], [])
14 -2303342.415 
(-2303342.415, [], [])
15 -2871025.74 
(-2871025.74, [], [])
16 -2346909.84 
(-2346909.84, [], [])
17 -2660563.125 
(-2660563.125, [], [])
18 -2564205.435 
(-2564205.435, [], [])
19 -2619990.45 
(-2619990.45, [], [])
20 -2559333.975 
(-2559333.975, [], [])
21 -2458152.015 
(-2458152.015, [], [])
22 -2433836.295 
(-2433836.295, [], [])
23 -2367229.425 
(-2367229.425, [], [])
24 -3177012.96 
(-3177012.96, [], [])
25 -3175535.55 
(-3175535.55, [], [])
26 -2525311.8 
(-2525311.8, [], [])
27 -3175535.55 
(-3175535.55, [], [])
(-2525311.8, [], [])
(-2559333.975, [], [])
(-2471086.365, [], [])
28 -2525311.8 
29 -2559333.975 
30 -2471086.365 
31 -2925966.45 
(-2925966.45, [], [])
32 -2442149.16 
(-2442149.16, [], [])
33 -2339515.2 
(-2339515.2, [], [])
34 -2525311.8 
(-2525311.8, [], [])
35 -3170048.64 
(-3170048.64, [], [])
(-2524655.265, [], [])
(-1618850.145, [], [])
(-2162258.175, [], [])
36 -2524655.265 
37 -1618850.145 
38 -2162258.175 
39 -2214669.27 
(-2214669.27, [], [])
40 -2517467.7 
(-2517467.7, [], [])

BBE BBO
41 -2540826.09 
(-2540826.09, [], [])
42 -3175535.55 
(-3175535.55, [], [])
(-2425840.56, [], [])
(-2420486.145, [], [])
(-2883257.85, [], [])
43 -2425840.56 
44 -2420486.145 
45 -2883257.85 
46 -2506705.245 
(-2506705.245, [], [])
47 -2620884.585 
(-2620884.585, [], [])
48 -3175535.55 
(-3175535.55, [], [])
(-3125268.96, [], [])
(-2618875.215, [], [])
49 -3125268.96 
50 -2618875.215 
51 -3188585.73 
(-3188585.73, [], [])
52 -2982923.79 
(-2982923.79, [], [])
53 -2240299.71 
(-2240299.71, [], [])
54 -2559333.975 
(-2559333.975, [], [])
55 -3175535.55 
(-3175535.55, [], [])
(-3187889.76, [], [])
(-2953509.9, [], [])
(-3175535.55, [], [])
56 -3187889.76 
57 -2953509.9 
58 -3175535.55 
59 -2363419.41 
(-2363419.41, [], [])
60 -2528440.035 
(-2528440.035, [], [])
61 -1901358.525 
(-1901358.525, [], [])
62 -2528440.035 
(-2528440.035, [], [])
63 -3164577.24 
(-3164577.24, [], [])
(-3177277.95, [], [])
(-3188585.73, [], [])
(-2697138.015, [], [])
64 -3177277.95 
65 -3188585.73 
66 -2697138.015 
67 -3188585.73 
(-3188585.73, [], [])
68 -3160767.06 
(-3160767.06, [], [])
69 -3033058.71 
(-3033058.71, [], [])
70 -3177012.96 
(-3177012.96, [], [])
(-3188585.73, [], [])
(-3177012.96, [], [])
(-3188585.73, [], [])
71 -3188585.73 
72 -3177012.96 
73 -3188585.73 
74 -2556615.27 
(-2556615.27, [], [])
75 -3162658.95 
(-3162658.95, [], [])
76 -3131079.27 
(-3131079.27, [], [])
77 -3188585.73 
(-3188585.73, [], [])
78 -3188585.73 
(-3188585.73, [], [])
(-3188585.73, [], [])
(-3188585.73, [], [])
(-3188585.73, [], [])
79 -3188585.73 
80 -3188585.73 

BBE BBO
81 -3188585.73 
82 -3188585.73 
(-3188585.73, [], [])
83 -3158270.94 
(-3158270.94, [], [])
84 -3179323.62 
(-3179323.62, [], [])
85 -3182111.79 
(-3182111.79, [], [])
86 -3188585.73 
(-3188585.73, [], [])
(-3188585.73, [], [])
(-3188585.73, [], [])
(-3188585.73, [], [])
87 -3188585.73 
88 -3188585.73 
89 -3188585.73 
90 -3158270.94 
(-3158270.94, [], [])
91 -3170048.64 
(-3170048.64, [], [])
92 -3125268.96 
(-3125268.96, [], [])
93 -3136780.68 
(-3136780.68, [], [])
94 -3188585.73 
(-3188585.73, [], [])
(-3188585.73, [], [])
(-3188585.73, [], [])
(-3188585.73, [], [])
95 -3188585.73 
96 -3188585.73 
97 -3188585.73 
98 -3188585.73 
(-3188585.73, [], [])
99 -3188585.73 
(-3188585.73, [], [])
100 -3182111.79 
(-3182111.79, [], [])
101 -3136780.68 
(-3136780.68, [], [])
102 -3188585.73 
(-3188585.73, [], [])
(-3188585.73, [], [])
(-3188585.73, [], [])
(-3188585.73, [], [])
103 -3188585.73 
104 -3188585.73 
105 -3188585.73 
106 -3188585.73 
(-3188585.73, [], [])
107 -3170048.64 
(-3170048.64, [], [])
108 -3136780.68 
(-3136780.68, [], [])
109 -3188585.73 
(-3188585.73, [], [])
110 -3188585.73 
(-3188585.73, [], [])
(-3188585.73, [], [])
(-3188585.73, [], [])
(-3188585.73, [], [])
111 -3188585.73 
112 -3188585.73 
113 -3188585.73 
114 -3188585.73 
(-3188585.73, [], [])
115 -3188585.73 
(-3188585.73, [], [])
116 -3188585.73 
(-3188585.73, [], [])
117 -3188585.73 
(-3188585.73, [], [])
118 -3188585.73 
(-3188585.73, [], [])
(-3188585.73, [], [])
(-3188585.73, [], [])
(-3188585.73, [], [])
119 -3188585.73 
120 -3188585.73 

BBE BBO
121 -3188585.73 
122 -3188585.73 
(-3188585.73, [], [])
123 -3188585.73 
(-3188585.73, [], [])
124 -3188585.73 
(-3188585.73, [], [])
(-3188585.73, [], [])
(-3188585.73, [], [])
(-3188585.73, [], [])
125 -3188585.73 
126 -3188585.73 
127 -3188585.73 
128 -3188585.73 
(-3188585.73, [], [])
129 -3188585.73 
(-3188585.73, [], [])
130 -3188585.73 
(-3188585.73, [], [])
(-3188585.73, [], [])
(-3188585.73, [], [])
(-3188585.73, [], [])
131 -3188585.73 
132 -3188585.73 
133 -3188585.73 
134 -3188585.73 
(-3188585.73, [], [])
135 -3188585.73 
(-3188585.73, [], [])
136 -3188585.73 
(-3188585.73, [], [])
(-3188585.73, [], [])
(-3188585.73, [], [])
(-3188585.73, [], [])
137 -3188585.73 
138 -3188585.73 
139 -3188585.73 
140 -3188585.73 
(-3188585.73, [], [])
141 -3188585.73 
(-3188585.73, [], [])
142 -3188585.73 
(-3188585.73, [], [])
(-3188585.73, [], [])
(-3188585.73, [], [])
(-3188585.73, [], [])
143 -3188585.73 
144 -3188585.73 
145 -3188585.73 
146 -3188585.73 
(-3188585.73, [], [])
147 -3188585.73 
(-3188585.73, [], [])
148 -3188585.73 
(-3188585.73, [], [])
(-3188585.73, [], [])
(-3188585.73, [], [])
(-3188585.73, [], [])
149 -3188585.73 
150 -3188585.73 
151 -3188585.73 
152 -3188585.73 
(-3188585.73, [], [])
153 -3188585.73 
(-3188585.73, [], [])
154 -3188585.73 
(-3188585.73, [], [])
(-3188585.73, [], [])
(-3188585.73, [], [])
(-3188585.73, [], [])
155 -3188585.73 
156 -3188585.73 
157 -3188585.73 
158 -3188585.73 
(-3188585.73, [], [])
159 -3188585.73 
(-3188585.73, [], [])
160 -3188585.73 
(-3188585.73, [], [])
(-3188585.73, [], [])
(-3188585.73, [], [])
(-3188585.73, [], [])

BBE BBO
161 -3188585.73 
162 -3188585.73 
163 -3188585.73 
164 -3188585.73 
(-3188585.73, [], [])
165 -3188585.73 
(-3188585.73, [], [])
166 -3188585.73 
(-3188585.73, [], [])
(-3188585.73, [], [])
(-3188585.73, [], [])
(-3188585.73, [], [])
167 -3188585.73 
168 -3188585.73 
169 -3188585.73 
170 -3188585.73 
(-3188585.73, [], [])
171 -3188585.73 
(-3188585.73, [], [])
172 -3188585.73 
(-3188585.73, [], [])
(-3188585.73, [], [])
(-3188585.73, [], [])
(-3188585.73, [], [])
173 -3188585.73 
174 -3188585.73 
175 -3188585.73 
176 -3188585.73 
(-3188585.73, [], [])
177 -3188585.73 
(-3188585.73, [], [])
178 -3188585.73 
(-3188585.73, [], [])
(-3188585.73, [], [])
(-3188585.73, [], [])
(-3188585.73, [], [])
179 -3188585.73 
180 -3188585.73 
181 -3188585.73 
182 -3188585.73 
(-3188585.73, [], [])
183 -3188585.73 
(-3188585.73, [], [])
184 -3188585.73 
(-3188585.73, [], [])
(-3188585.73, [], [])
(-3188585.73, [], [])
(-3188585.73, [], [])
185 -3188585.73 
186 -3188585.73 
187 -3188585.73 
188 -3188585.73 
(-3188585.73, [], [])
189 -3188585.73 
(-3188585.73, [], [])
190 -3188585.73 
(-3188585.73, [], [])
(-3188585.73, [], [])
(-3188585.73, [], [])
(-3188585.73, [], [])
191 -3188585.73 
192 -3188585.73 
193 -3188585.73 
194 -3188585.73 
(-3188585.73, [], [])
195 -3188585.73 
(-3188585.73, [], [])
196 -3188585.73 
(-3188585.73, [], [])
(-3188585.73, [], [])
(-3188585.73, [], [])
(-3188585.73, [], [])
197 -3188585.73 
198 -3188585.73 
199 -3188585.73 
200 -3188585.73 
A termination criterion is reached: Maximum number of blackbox evaluations (Eval Global) No more points to evaluate 200

Best feasible solutions:    #10309 ( 19 1 60 21 )	Evaluation OK	 f = -3188585.7299999999814       	 h =   0                     
                            #12142 ( 23 1 60 22 )	Evaluation OK	 f = -3188585.7299999999814       	 h =   0                     
                            #12139 ( 24 1 55 24 )	Evaluation OK	 f = -3188585.7299999999814       	 h =   0                     
                            #13817 ( 20 1 59 21 )	Evaluation OK	 f = -3188585.7299999999814       	 h =   0                     
                            #13818 ( 21 4 60 22 )	Evaluation OK	 f = -3188585.7299999999814       	 h =   0                     
                            #14694 ( 22 1 57 22 )	Evaluation OK	 f = -3188585.7299999999814       	 h =   0                     
                            #14695 ( 22 1 58 22 )	Evaluation OK	 f = -3188585.7299999999814       	 h =   0                     
                            #14698 ( 19 1 59 22 )	Evaluation OK	 f = -3188585.7299999999814       	 h =   0                     
... A total of 118 feasible solutions were found.

Best infeasible solution:   Undefined.

Blackbox evaluations:         200
Total model evaluations:      24846
Cache hits:                   29
Total number of evaluations:  229
(-3188585.73, [], [])

NOMAD results 
x_best = [18.8, 1.0, 60.0, 21.0]
f_best = -3188585.73
h_best = 0.0
nb_evals = 200
nb_iters = 0
run_flag = 0
stop_reason = Maximum number of blackbox evaluations (Eval Global) No more points to evaluate 

run the latest ...
