Optimization storage folder ./simulations/storage/OPT_nomad_Egg_CCS_const_7 created
before =  (14.0, 14.0, 16.0, 16.0)
after =  (15, 14, 16, 16)
BBE BBO
1 -827691.645 2.3181526263554892 
before =  (12.0, 18.0, 21.0, 11.0)
after =  (14, 19, 22, 10)
2 -2090067.375 1.7899038791656494  (Phase One)
before =  (6.0, 30.0, 36.0, 1.0)
after =  (11, 28, 31, 5)
3 -2539626.21 0.9891315698623658  (Phase One)
before =  (1.0, 60.0, 60.0, 1.0)
after =  (11, 47, 48, 12)
4 -2496700.8 -0.9002989754080772  (Phase One)
5 -2496700.8 -0.9002989754080772 
6 -2496700.8 -0.9002989754080772 
7 -2496700.8 -0.9002989754080772 
8 -2496700.8 -0.9002989754080772 
9 -2496700.8 -0.9002989754080772 
before =  (4.0, 60.0, 58.0, 6.0)
after =  (11, 47, 48, 12)
before =  (1.0, 57.0, 60.0, 1.0)
after =  (11, 47, 48, 12)
before =  (4.0, 60.0, 60.0, 1.0)
after =  (11, 47, 48, 12)
before =  (1.0, 55.0, 58.0, 5.0)
after =  (11, 47, 48, 12)
before =  (2.0, 57.0, 59.0, 4.0)
after =  (11, 47, 48, 12)
before =  (3.0, 59.0, 59.0, 1.0)
after =  (11, 47, 48, 12)
before =  (1.0, 60.0, 58.0, 1.0)
after =  (11, 47, 47, 11)
10 -2496700.8 -0.9002989754080772 
11 -2496832.8 -0.9002988822758198 
before =  (1.0, 60.0, 52.0, 1.0)
after =  (11, 47, 44, 8)
12 -2491351.995 -0.9002805724740028 
13 -2491351.995 -0.9002805724740028 
14 -2491351.995 -0.9002805724740028 
15 -2491351.995 -0.9002805724740028 
16 -2491351.995 -0.9002805724740028 
17 -2491351.995 -0.9002805724740028 
18 -2491351.995 -0.9002805724740028 
19 -2491351.995 -0.9002805724740028 
20 -2491351.995 -0.9002805724740028 
21 -2491351.995 -0.9002805724740028 
22 -2491351.995 -0.9002805724740028 
23 -2491351.995 -0.9002805724740028 
24 -2491351.995 -0.9002805724740028 
25 -2491351.995 -0.9002805724740028 
26 -2491351.995 -0.9002805724740028 
27 -2491351.995 -0.9002805724740028 
28 -2491351.995 -0.9002805724740028 
29 -2491351.995 -0.9002805724740028 
30 -2491351.995 -0.9002805724740028 
31 -2491351.995 -0.9002805724740028 
32 -2491351.995 -0.9002805724740028 
33 -2491351.995 -0.9002805724740028 
34 -2491351.995 -0.9002805724740028 
35 -2491351.995 -0.9002805724740028 
36 -2491351.995 -0.9002805724740028 
37 -2491351.995 -0.9002805724740028 
38 -2491351.995 -0.9002805724740028 
39 -2491351.995 -0.9002805724740028 
40 -2491351.995 -0.9002805724740028 

BBE BBO
41 -2491351.995 -0.9002805724740028 
42 -2491351.995 -0.9002805724740028 
43 -2491351.995 -0.9002805724740028 
44 -2491351.995 -0.9002805724740028 
45 -2491351.995 -0.9002805724740028 
46 -2491351.995 -0.9002805724740028 
47 -2491351.995 -0.9002805724740028 
48 -2491351.995 -0.9002805724740028 
49 -2491351.995 -0.9002805724740028 
50 -2491351.995 -0.9002805724740028 
51 -2491351.995 -0.9002805724740028 
52 -2491351.995 -0.9002805724740028 
53 -2491351.995 -0.9002805724740028 
54 -2491351.995 -0.9002805724740028 
55 -2491351.995 -0.9002805724740028 
56 -2491351.995 -0.9002805724740028 
57 -2491351.995 -0.9002805724740028 
58 -2491351.995 -0.9002805724740028 
59 -2491351.995 -0.9002805724740028 
60 -2491351.995 -0.9002805724740028 
61 -2491351.995 -0.9002805724740028 
62 -2491351.995 -0.9002805724740028 
63 -2491351.995 -0.9002805724740028 
64 -2491351.995 -0.9002805724740028 
65 -2491351.995 -0.9002805724740028 
66 -2491351.995 -0.9002805724740028 
67 -2491351.995 -0.9002805724740028 
68 -2491351.995 -0.9002805724740028 
69 -2491351.995 -0.9002805724740028 
70 -2491351.995 -0.9002805724740028 
71 -2491351.995 -0.9002805724740028 
72 -2491351.995 -0.9002805724740028 
73 -2491351.995 -0.9002805724740028 
74 -2491351.995 -0.9002805724740028 
75 -2491351.995 -0.9002805724740028 
76 -2491351.995 -0.9002805724740028 
77 -2491351.995 -0.9002805724740028 
78 -2491351.995 -0.9002805724740028 
79 -2491351.995 -0.9002805724740028 
80 -2491351.995 -0.9002805724740028 

BBE BBO
81 -2491351.995 -0.9002805724740028 
82 -2491351.995 -0.9002805724740028 
83 -2491351.995 -0.9002805724740028 
84 -2491351.995 -0.9002805724740028 
85 -2491351.995 -0.9002805724740028 
86 -2491351.995 -0.9002805724740028 
87 -2491351.995 -0.9002805724740028 
88 -2491351.995 -0.9002805724740028 
89 -2491351.995 -0.9002805724740028 
90 -2491351.995 -0.9002805724740028 
91 -2491351.995 -0.9002805724740028 
92 -2491351.995 -0.9002805724740028 
93 -2491351.995 -0.9002805724740028 
94 -2491351.995 -0.9002805724740028 
95 -2491351.995 -0.9002805724740028 
96 -2491351.995 -0.9002805724740028 
97 -2491351.995 -0.9002805724740028 
98 -2491351.995 -0.9002805724740028 
99 -2491351.995 -0.9002805724740028 
100 -2491351.995 -0.9002805724740028 
101 -2491351.995 -0.9002805724740028 
102 -2491351.995 -0.9002805724740028 
103 -2491351.995 -0.9002805724740028 
104 -2491351.995 -0.9002805724740028 
105 -2491351.995 -0.9002805724740028 
106 -2491351.995 -0.9002805724740028 
107 -2491351.995 -0.9002805724740028 
108 -2491351.995 -0.9002805724740028 
109 -2491351.995 -0.9002805724740028 
110 -2491351.995 -0.9002805724740028 
111 -2491351.995 -0.9002805724740028 
112 -2491351.995 -0.9002805724740028 
113 -2491351.995 -0.9002805724740028 
114 -2491351.995 -0.9002805724740028 
115 -2491351.995 -0.9002805724740028 
116 -2491351.995 -0.9002805724740028 
117 -2491351.995 -0.9002805724740028 
118 -2491351.995 -0.9002805724740028 
119 -2491351.995 -0.9002805724740028 
120 -2491351.995 -0.9002805724740028 

BBE BBO
121 -2491351.995 -0.9002805724740028 
122 -2491351.995 -0.9002805724740028 
123 -2491351.995 -0.9002805724740028 
124 -2491351.995 -0.9002805724740028 
125 -2491351.995 -0.9002805724740028 
126 -2491351.995 -0.9002805724740028 
127 -2491351.995 -0.9002805724740028 
128 -2491351.995 -0.9002805724740028 
129 -2491351.995 -0.9002805724740028 
130 -2491351.995 -0.9002805724740028 
131 -2491351.995 -0.9002805724740028 
before =  (1.0, 59.0, 58.0, 4.0)
after =  (11, 47, 48, 12)
before =  (3.0, 60.0, 60.0, 2.0)
after =  (11, 47, 48, 12)
before =  (1.0, 58.0, 59.0, 1.0)
after =  (11, 47, 48, 12)
before =  (1.0, 60.0, 56.0, 1.0)
after =  (11, 47, 47, 11)
before =  (3.0, 59.0, 54.0, 1.0)
after =  (11, 47, 44, 8)
before =  (3.0, 59.0, 60.0, 2.0)
after =  (11, 47, 48, 12)
before =  (1.0, 60.0, 57.0, 1.0)
after =  (11, 47, 47, 11)
before =  (1.0, 55.0, 60.0, 6.0)
after =  (11, 47, 48, 12)
before =  (2.0, 60.0, 56.0, 1.0)
after =  (11, 47, 47, 11)
before =  (2.0, 60.0, 58.0, 1.0)
after =  (11, 47, 47, 11)
before =  (2.0, 59.0, 59.0, 1.0)
after =  (11, 47, 48, 12)
before =  (1.0, 60.0, 58.0, 2.0)
after =  (11, 47, 48, 12)
before =  (1.0, 60.0, 59.0, 1.0)
after =  (11, 47, 48, 12)
before =  (1.0, 60.0, 60.0, 4.0)
after =  (11, 47, 48, 12)
before =  (1.5, 60.0, 60.0, 1.0)
after =  (11, 47, 48, 12)
before =  (1.88, 58.13, 59.0, 2.5)
after =  (11, 47, 48, 12)
before =  (1.01, 59.99, 58.0, 1.0)
after =  (11, 47, 47, 11)
before =  (1.01, 59.99, 57.0, 1.0)
after =  (11, 47, 47, 11)
before =  (1.0, 59.5, 58.0, 1.01)
after =  (11, 47, 48, 12)
before =  (1.5, 59.84, 58.0, 1.01)
after =  (11, 47, 48, 12)
before =  (4.0, 57.0, 60.0, 1.0)
after =  (11, 47, 48, 12)
before =  (2.0, 59.5, 58.5, 1.0)
after =  (11, 47, 48, 12)
before =  (1.75, 59.63, 58.38, 1.0)
after =  (11, 47, 48, 12)
before =  (1.0, 60.0, 58.5, 1.0)
after =  (11, 47, 48, 12)
before =  (1.0, 59.97, 58.01, 1.01)
after =  (11, 47, 48, 12)
before =  (1.02, 59.8, 58.07, 1.0)
after =  (11, 47, 48, 12)
before =  (1.04, 59.81, 58.17, 1.2)
after =  (11, 47, 48, 12)
before =  (1.0, 60.0, 57.75, 1.0)
after =  (11, 47, 47, 11)
before =  (1.0, 59.0, 56.0, 2.0)
after =  (11, 47, 47, 11)
before =  (1.24, 59.68, 58.5, 1.01)
after =  (11, 47, 48, 12)
before =  (1.18, 59.76, 58.13, 1.01)
after =  (11, 47, 48, 12)
before =  (1.07, 60.0, 58.03, 1.1)
after =  (11, 47, 48, 12)
before =  (1.0, 60.0, 57.95, 1.05)
after =  (11, 47, 47, 11)
before =  (1.01, 60.0, 58.06, 1.0)
after =  (11, 47, 48, 12)
before =  (1.0, 59.98, 58.2, 1.01)
after =  (11, 47, 48, 12)
before =  (1.0, 60.0, 57.75999999999999, 1.0)
after =  (11, 47, 47, 11)
before =  (1.025, 59.88500000000001, 57.59, 1.105)
after =  (11, 47, 47, 11)
before =  (1.0188, 59.9138, 57.82, 1.0788)
after =  (11, 47, 47, 11)
before =  (1.0, 60.0, 57.92, 1.0141)
after =  (11, 47, 47, 11)
before =  (1.0, 60.0, 58.06, 1.0)
after =  (11, 47, 48, 12)
before =  (1.0, 59.9875, 57.94, 1.0)
after =  (11, 47, 47, 11)
before =  (1.0106, 60.0, 58.06, 1.05)
after =  (11, 47, 48, 12)
before =  (1.0, 60.0, 58.02, 1.0)
after =  (11, 47, 48, 12)
before =  (1.025, 59.94690000000001, 58.075, 1.05)
after =  (11, 47, 48, 12)
before =  (1.0, 59.98, 57.81999999999999, 1.005)
after =  (11, 47, 47, 11)
before =  (1.0, 59.985, 57.88, 1.0038)
after =  (11, 47, 47, 11)
before =  (1.0, 59.9997, 57.9961, 1.0017)
after =  (11, 47, 47, 11)
before =  (1.0003, 60.0, 57.9916, 1.0036)
after =  (11, 47, 47, 11)
before =  (1.0016, 59.9967, 58.0037, 1.02)
after =  (11, 47, 48, 12)
before =  (1.0, 60.0, 57.9963, 1.0)
after =  (11, 47, 47, 11)
before =  (1.0, 60.0, 58.0123, 1.0)
after =  (11, 47, 48, 12)
before =  (1.0025, 59.9735, 57.97750000000001, 1.025)
after =  (11, 47, 48, 12)
before =  (1.01, 59.98, 58.08499999999999, 1.0)
after =  (11, 47, 48, 12)
before =  (1.0075, 59.985, 58.0513, 1.0)
after =  (11, 47, 48, 12)
before =  (1.0, 60.0, 57.9998, 1.0001)
after =  (11, 47, 47, 11)
before =  (1.0, 59.99, 58.0194, 1.0)
after =  (11, 47, 48, 12)
before =  (1.0001, 60.0, 57.9967, 1.0)
after =  (11, 47, 47, 11)
before =  (1.01, 59.9997, 58.0002, 1.0)
after =  (11, 47, 48, 12)
before =  (1.0, 60.0, 57.98390000000001, 1.0)
after =  (11, 47, 47, 11)
before =  (1.01, 59.98, 57.97499999999999, 1.005)
after =  (11, 47, 47, 11)
before =  (1.0075, 59.985, 57.99630000000001, 1.00375)
after =  (11, 47, 48, 12)
before =  (1.0, 59.995, 58.0039, 1.0)
after =  (11, 47, 48, 12)
before =  (1.003715, 60.0, 58.01, 1.0)
after =  (11, 47, 48, 12)
before =  (1.001322, 60.0, 57.9961, 1.001179)
after =  (11, 47, 47, 11)
before =  (1.005, 59.997556, 57.9996, 1.004457)
after =  (11, 47, 48, 12)
before =  (1.0, 60.0, 57.9904, 1.0)
after =  (11, 47, 47, 11)
before =  (1.0047, 59.99485, 58.01645, 1.0)
after =  (11, 47, 48, 12)
before =  (1.0036, 59.9961375, 58.0102375, 1.0)
after =  (11, 47, 48, 12)
before =  (1.0, 59.998611, 58.005, 1.000946)
after =  (11, 47, 48, 12)
before =  (1.0, 60.0, 58.002315, 1.0)
after =  (11, 47, 48, 12)
before =  (1.001538, 60.0, 58.00327, 1.000619)
after =  (11, 47, 48, 12)
before =  (1.0, 59.998, 57.99673, 1.0)
after =  (11, 47, 47, 11)
before =  (1.0, 60.0, 57.99268499999999, 1.0)
after =  (11, 47, 47, 11)
before =  (1.00015, 59.99985, 57.99219999999999, 1.00255)
after =  (11, 47, 47, 11)
before =  (1.000113, 59.9998875, 57.99409999999999, 1.001938)
after =  (11, 47, 47, 11)
before =  (1.001, 59.999635, 58.000046, 1.0)
after =  (11, 47, 48, 12)
before =  (1.0, 60.0, 58.000075, 1.0)
after =  (11, 47, 48, 12)
before =  (1.000019, 60.0, 58.002, 1.00005)
after =  (11, 47, 48, 12)
before =  (1.000372, 59.999345, 57.999925, 1.001)
after =  (11, 47, 48, 12)
before =  (1.0, 60.0, 57.997954, 1.0)
after =  (11, 47, 47, 11)
before =  (1.0, 59.999, 57.99219999999999, 1.001275)
after =  (11, 47, 47, 11)
before =  (1.0, 59.99985, 57.9994, 1.0009)
after =  (11, 47, 48, 12)
before =  (1.0, 59.9998875, 57.998725, 1.000675)
after =  (11, 47, 47, 11)
before =  (1.0005, 59.99974598, 57.999559, 1.0)
after =  (11, 47, 47, 11)
before =  (1.0, 60.0, 58.000441, 1.0000464)
after =  (11, 47, 48, 12)
before =  (1.0, 59.99998765, 57.999, 1.0)
after =  (11, 47, 47, 11)
before =  (1.0, 59.9995, 58.000258, 1.0)
after =  (11, 47, 48, 12)
before =  (1.0, 60.0, 58.000742, 1.0)
after =  (11, 47, 48, 12)
before =  (1.0, 59.99977250000001, 57.999685, 1.001179)
after =  (11, 47, 48, 12)
before =  (1.0, 60.0, 57.996354, 1.00005)
after =  (11, 47, 47, 11)
before =  (1.0, 60.0, 57.997277, 1.0000375)
after =  (11, 47, 47, 11)
before =  (1.00002421, 60.0, 58.0005, 1.0)
after =  (11, 47, 48, 12)
before =  (1.0, 60.0, 57.99988825, 1.00001851)
after =  (11, 47, 47, 11)
before =  (1.0002, 60.0, 57.99983587, 1.0)
after =  (11, 47, 47, 11)
before =  (1.0, 59.99994087, 57.9995, 1.00008283)
after =  (11, 47, 47, 11)
before =  (1.0, 60.0, 58.00027588, 1.0)
after =  (11, 47, 48, 12)
before =  (1.0, 60.0, 57.99974100000001, 1.0003875)
after =  (11, 47, 48, 12)
before =  (1.0, 60.0, 57.9996955, 1.000290625)
after =  (11, 47, 47, 11)
before =  (1.0, 60.0, 57.999899, 1.0)
after =  (11, 47, 47, 11)
before =  (1.00000085, 60.0, 58.00000135, 1.0)
after =  (11, 47, 48, 12)
before =  (1.0, 59.99994248, 57.9998, 1.0)
after =  (11, 47, 47, 11)
before =  (1.00001095, 60.0, 58.0002, 1.00000099)
after =  (11, 47, 48, 12)
before =  (1.0, 60.0, 58.00004032425, 1.0)
after =  (11, 47, 48, 12)
before =  (1.0, 59.99997043499999, 57.99918749999999, 1.000091415)
after =  (11, 47, 47, 11)
before =  (1.0, 59.99997782625, 57.99951562499999, 1.00006856125)
after =  (11, 47, 47, 11)
before =  (1.0, 59.999952608, 57.9999, 1.0000216295)
after =  (11, 47, 47, 11)
before =  (1.0, 59.9999516213, 58.0001, 1.0000087262)
after =  (11, 47, 48, 12)
before =  (1.0, 60.0, 58.00000391, 1.0)
after =  (11, 47, 48, 12)
before =  (1.0000008898, 60.0, 58.00001314, 1.00005)
after =  (11, 47, 48, 12)
before =  (1.0, 60.0, 57.99998295, 1.0)
after =  (11, 47, 47, 11)
before =  (1.0, 59.99997124000001, 57.9996375, 1.00004901)
after =  (11, 47, 47, 11)
before =  (1.0, 59.99997843000001, 57.999778125, 1.000037005)
after =  (11, 47, 47, 11)
before =  (1.0, 59.9999969734, 57.9999616168, 1.0)
after =  (11, 47, 47, 11)
before =  (1.0, 60.0, 57.9999985786, 1.0)
after =  (11, 47, 47, 11)
before =  (1.0000019037, 59.99998, 58.0000014214, 1.0000007406)
after =  (11, 47, 48, 12)
before =  (1.0000194304, 60.0, 58.0000383832, 1.00002)
after =  (11, 47, 48, 12)
before =  (1.0, 60.0, 58.0000001407186, 1.0)
after =  (11, 47, 48, 12)
before =  (1.000000425, 60.0, 58.0000823, 1.0)
after =  (11, 47, 48, 12)
before =  (1.00000031875, 60.0, 58.000036725, 1.0)
after =  (11, 47, 48, 12)
before =  132 -2491351.995 -0.9002805724740028 
133 -2491351.995 -0.9002805724740028 
134 -2491351.995 -0.9002805724740028 
135 -2491351.995 -0.9002805724740028 
136 -2491351.995 -0.9002805724740028 
137 -2491351.995 -0.9002805724740028 
138 -2491351.995 -0.9002805724740028 
139 -2491351.995 -0.9002805724740028 
140 -2491351.995 -0.9002805724740028 
141 -2491351.995 -0.9002805724740028 
142 -2491351.995 -0.9002805724740028 
143 -2491351.995 -0.9002805724740028 
144 -2491351.995 -0.9002805724740028 
145 -2491351.995 -0.9002805724740028 
146 -2491351.995 -0.9002805724740028 
147 -2491351.995 -0.9002805724740028 
148 -2491351.995 -0.9002805724740028 
149 -2491351.995 -0.9002805724740028 
150 -2491351.995 -0.9002805724740028 
151 -2491351.995 -0.9002805724740028 
152 -2491351.995 -0.9002805724740028 
153 -2491351.995 -0.9002805724740028 
154 -2491351.995 -0.9002805724740028 
155 -2491351.995 -0.9002805724740028 
156 -2491351.995 -0.9002805724740028 
157 -2491351.995 -0.9002805724740028 
158 -2491351.995 -0.9002805724740028 
159 -2491351.995 -0.9002805724740028 
160 -2491351.995 -0.9002805724740028 

BBE BBO
161 -2491351.995 -0.9002805724740028 
162 -2491351.995 -0.9002805724740028 
163 -2491351.995 -0.9002805724740028 
164 -2491351.995 -0.9002805724740028 
165 -2491351.995 -0.9002805724740028 
166 -2491351.995 -0.9002805724740028 
167 -2491351.995 -0.9002805724740028 
168 -2491351.995 -0.9002805724740028 
169 -2491351.995 -0.9002805724740028 
170 -2491351.995 -0.9002805724740028 
171 -2491351.995 -0.9002805724740028 
172 -2491351.995 -0.9002805724740028 
173 -2491351.995 -0.9002805724740028 
174 -2491351.995 -0.9002805724740028 
175 -2491351.995 -0.9002805724740028 
176 -2491351.995 -0.9002805724740028 
177 -2491351.995 -0.9002805724740028 
178 -2491351.995 -0.9002805724740028 
179 -2491351.995 -0.9002805724740028 
180 -2491351.995 -0.9002805724740028 
181 -2491351.995 -0.9002805724740028 
182 -2491351.995 -0.9002805724740028 
183 -2491351.995 -0.9002805724740028 
184 -2491351.995 -0.9002805724740028 
185 -2491351.995 -0.9002805724740028 
186 -2491351.995 -0.9002805724740028 
187 -2491351.995 -0.9002805724740028 
188 -2491351.995 -0.9002805724740028 
189 -2491351.995 -0.9002805724740028 
190 -2491351.995 -0.9002805724740028 
191 -2491351.995 -0.9002805724740028 
192 -2491351.995 -0.9002805724740028 
193 -2491351.995 -0.9002805724740028 
194 -2491351.995 -0.9002805724740028 
195 -2491351.995 -0.9002805724740028 
196 -2491351.995 -0.9002805724740028 
197 -2491351.995 -0.9002805724740028 
198 -2491351.995 -0.9002805724740028 
199 -2491351.995 -0.9002805724740028 
200 -2491351.995 -0.9002805724740028 
A termination criterion is reached: Maximum number of blackbox evaluations (Eval Global) 200

Best feasible solution:     #324 ( 1 60 58 1 )	Evaluation OK	 f = -2496832.7999999998137       	 h =   0                     

Best infeasible solution:   Undefined.

Blackbox evaluations:         200
Total model evaluations:      14819
Cache hits:                   36
Total number of evaluations:  236
(1.00001, 59.9999934706, 57.9999938484, 1.0000007736)
after =  (11, 47, 47, 11)
before =  (1.0, 60.0, 58.0000061516, 1.0)
after =  (11, 47, 48, 12)
before =  (1.0000076626, 60.0, 58.00002, 1.0)
after =  (11, 47, 48, 12)
before =  (1.0, 59.99999, 58.0000195816, 1.0000011849)
after =  (11, 47, 48, 12)
before =  (1.0, 60.0, 57.9999604184, 1.0)
after =  (11, 47, 47, 11)
before =  (1.0, 59.99999848670001, 57.9999806002, 1.0)
after =  (11, 47, 47, 11)
before =  (1.0, 59.99999886502501, 57.99999504595, 1.0)
after =  (11, 47, 47, 11)
before =  (1.0, 60.0, 58.0000025987, 1.0)
after =  (11, 47, 48, 12)
before =  (1.000005, 60.0, 58.000002428, 1.000003069334)
after =  (11, 47, 48, 12)
before =  (1.0, 59.999995328357, 57.999997572, 1.0)
after =  (11, 47, 47, 11)
before =  (1.00000086346, 59.99999844693, 58.00001, 1.0)
after =  (11, 47, 48, 12)
before =  (1.0, 60.0, 57.9999874013, 1.0)
after =  (11, 47, 47, 11)
before =  (1.0000038313, 59.9999976641785, 58.0000003001, 1.000000534667)
after =  (11, 47, 48, 12)
before =  (1.0, 60.0, 57.99998958999999, 1.0)
after =  (11, 47, 47, 11)
before =  (1.0, 60.0, 57.9999906546, 1.0)
after =  (11, 47, 47, 11)
before =  (1.0, 60.0, 58.000000133161, 1.0)
after =  (11, 47, 48, 12)
before =  (1.0, 60.0, 58.000001371187, 1.000000478525)
after =  (11, 47, 48, 12)
before =  (1.000002, 59.999999053622, 57.999998628813, 1.0)
after =  (11, 47, 47, 11)
before =  (1.000000420429, 59.999999908094, 57.999999866839, 1.000002)
after =  (11, 47, 48, 12)
before =  (1.0000025, 59.9999976641785, 57.99998870064999, 1.000001534667)
after =  (11, 47, 47, 11)
before =  (1.0, 59.99999943251251, 57.99999772497499, 1.0)
after =  (11, 47, 47, 11)
before =  (1.0, 59.99999957438438, 57.99999890073124, 1.0)
after =  (11, 47, 47, 11)
before =  (1.0, 59.999999882582, 57.999998963803, 1.0)
after =  (11, 47, 47, 11)
before =  (1.000000110054, 60.0, 57.999999266871, 1.0)
after =  (11, 47, 47, 11)
before =  (1.000000675153, 59.999999490353, 57.999998514102, 1.0)
after =  (11, 47, 47, 11)
before =  (1.0, 59.999999, 58.000000733129, 1.000000163005)
after =  (11, 47, 48, 12)
before =  (1.0, 60.0, 58.000002522095, 1.0)
after =  (11, 47, 48, 12)
before =  (1.000001, 59.9999995, 57.99999981748749, 1.0)
after =  (11, 47, 47, 11)
before =  (1.0, 60.0, 57.99999985287499, 1.0)
after =  (11, 47, 47, 11)
before =  (1.0, 60.0, 57.99999996468124, 1.0)
after =  (11, 47, 47, 11)
before =  (1.0, 60.0, 58.000000283654, 1.00000021322912)
after =  (11, 47, 48, 12)
before =  (1.0000005, 60.0, 57.999999575077, 1.00000038497897)
after =  (11, 47, 47, 11)
before =  (1.0, 59.99999964019782, 58.000000665139, 1.0000005)
after =  (11, 47, 48, 12)
before =  (1.00000007825469, 60.0, 57.999999334861, 1.0)
after =  (11, 47, 47, 11)
before =  (1.0, 60.0, 58.000000141269, 1.0)
after =  (11, 47, 48, 12)
before =  (1.0000003375765, 59.99999964517649, 58.0000009426445, 1.00000035)
after =  (11, 47, 48, 12)
before =  (1.000000425, 60.0, 58.0000055906185, 1.0000002392625)
after =  (11, 47, 48, 12)
before =  (1.00000031875, 60.0, 58.00000362420762, 1.00000017944688)
after =  (11, 47, 48, 12)
before =  (1.0000002, 59.99999995064694, 57.99999983613902, 1.0)
after =  (11, 47, 47, 11)
before =  (1.0, 60.0, 58.00000016386098, 1.0000000279132)
after =  (11, 47, 48, 12)
before =  (1.0, 60.0, 57.9999995, 1.0)
after =  (11, 47, 47, 11)
before =  (1.0000000548332, 59.99999990842103, 58.0000005, 1.00000008517343)
after =  (11, 47, 48, 12)
before =  (1.0, 59.99999978719219, 58.00000015838812, 1.0000002392625)
after =  (11, 47, 48, 12)
before =  (1.0, 59.99999984039415, 57.99999993550884, 1.00000017944688)
after =  (11, 47, 48, 12)
before =  (1.00000006149692, 59.9999999, 57.99999998338037, 1.0)
after =  (11, 47, 47, 11)
before =  (1.0, 60.0, 57.99999997852862, 1.0)
after =  (11, 47, 47, 11)
before =  (1.0, 59.99999999222099, 58.0000002, 1.0)
after =  (11, 47, 48, 12)
before =  (1.00000000602124, 60.0, 57.9999998, 1.0000000057388)
after =  (11, 47, 47, 11)
before =  (1.0, 60.0, 58.00000003809101, 1.0)
after =  (11, 47, 48, 12)
before =  (1.0, 59.9999997935961, 57.9999998834355, 1.00000011963125)
after =  (11, 47, 48, 12)
before =  (1.0, 60.0, 58.00000000948278, 1.00000010661456)
after =  (11, 47, 48, 12)
before =  (1.0, 60.0, 57.99999996614685, 1.00000007996092)
after =  (11, 47, 48, 12)
before =  (1.0, 59.99999998359485, 57.9999999, 1.0)
after =  (11, 47, 47, 11)
before =  (1.00000001704932, 60.0, 57.99999996262037, 1.0)
after =  (11, 47, 47, 11)
before =  (1.0, 60.0, 58.00000001845239, 1.0)
after =  (11, 47, 48, 12)
before =  (1.0, 60.0, 58.00000000159937, 1.00000000965271)
after =  (11, 47, 48, 12)
before =  (1.0, 60.0, 58.00000011732787, 1.0)
after =  (11, 47, 48, 12)
before =  (1.00000003074846, 59.99999995777901, 57.99999994397997, 1.0000000139566)
after =  (11, 47, 47, 11)
before =  (1.00000002306134, 59.99999996638951, 58.00000000798498, 1.00000001046745)
after =  (11, 47, 48, 12)
before =  (1.0, 59.99999999962743, 57.99999999956549, 1.0)
after =  (11, 47, 47, 11)
before =  (1.00000000048658, 59.99999998325427, 57.99999995, 1.0)
after =  (11, 47, 47, 11)
before =  (1.0, 60.0, 58.00000005, 1.00000000138372)
after =  (11, 47, 48, 12)
before =  (1.00000000022699, 59.99999998, 58.00000004198978, 1.0)
after =  (11, 47, 48, 12)
before =  (1.0, 60.0, 57.99999995844473, 1.0)
after =  (11, 47, 47, 11)
before =  (1.00000000537423, 59.99999997888951, 57.99999989707199, 1.00000003998046)
after =  (11, 47, 47, 11)
before =  (1.0, 59.99999999179742, 58.00000004081236, 1.00000003998046)
after =  (11, 47, 48, 12)
before =  (1.0, 59.99999999384806, 58.00000002126436, 1.00000002998534)
after =  (11, 47, 48, 12)
before =  (1.00000001, 59.9999999994084, 57.99999999849218, 1.00000000061848)
after =  (11, 47, 47, 11)
before =  (1.0, 60.0, 58.00000000150782, 1.0)
after =  (11, 47, 48, 12)

NOMAD results 
x_best = [1.0, 60.0, 58.0, 1.0]
f_best = -2496832.8
h_best = 0.0
nb_evals = 200
nb_iters = 0
run_flag = 0
stop_reason = Maximum number of blackbox evaluations (Eval Global) 

run the latest ...
